# Omega fit to each site after fixing tree and all other parameters.
# Fits compared to null model of omega = 1.
# P-values NOT corrected for multiple testing, so consider Q-values too.
# Q-values computed separately for omega > and < 1 # Will fit different synonymous rate for each site.
#
site	omega	P	dLnL	Q
78	0.000	1.24e-05	9.549	0.00249
59	0.000	0.00011	7.475	0.0111
201	0.000	0.000419	6.223	0.0281
192	0.000	0.000836	5.580	0.042
5	0.000	0.00109	5.336	0.0437
194	0.000	0.00207	4.745	0.0692
188	0.000	0.00254	4.556	0.0729
65	0.000	0.00309	4.377	0.0746
197	0.000	0.00334	4.306	0.0746
187	0.000	0.00646	3.708	0.118
56	0.000	0.00658	3.693	0.118
108	0.084	0.00712	3.622	0.118
145	0.076	0.00764	3.558	0.118
191	0.000	0.00851	3.462	0.122
186	0.000	0.0108	3.252	0.137
39	0.000	0.0109	3.239	0.137
62	0.000	0.0127	3.102	0.142
37	0.064	0.0127	3.105	0.142
75	0.000	0.0152	2.946	0.161
178	0.038	0.0163	2.886	0.164
85	0.000	0.0184	2.781	0.174
193	0.000	0.0234	2.569	0.174
138	0.056	0.0204	2.688	0.174
40	0.000	0.0194	2.734	0.174
123	0.000	0.0213	2.650	0.174
146	0.066	0.0234	2.569	0.174
46	0.000	0.0223	2.610	0.174
9	0.115	0.025	2.510	0.18
147	0.089	0.0274	2.434	0.19
91	0.000	0.0321	2.297	0.194
198	0.000	0.0306	2.337	0.194
60	0.000	0.0309	2.329	0.194
200	0.000	0.0328	2.279	0.194
136	0.000	0.0304	2.343	0.194
44	0.000	0.0352	2.218	0.202
77	0.000	0.0428	2.051	0.239
196	0.000	0.0538	1.859	0.287
11	0.000	0.0543	1.852	0.287
27	0.099	0.062	1.741	0.302
100	0.136	0.0618	1.744	0.302
98	0.000	0.0632	1.726	0.302
66	0.000	0.0629	1.730	0.302
169	0.195	0.0692	1.651	0.317
53	0.000	0.0694	1.649	0.317
149	0.177	0.0722	1.616	0.323
73	0.061	0.0772	1.561	0.323
189	0.045	0.0754	1.581	0.323
128	0.038	0.0764	1.570	0.323
97	0.000	0.083	1.503	0.329
2	0.000	0.083	1.503	0.329
28	0.000	0.0835	1.497	0.329
41	0.000	0.0865	1.470	0.333
26	0.105	0.0878	1.457	0.333
84	0.000	0.0899	1.439	0.334
58	0.000	0.0925	1.415	0.338
30	0.130	0.105	1.312	0.378
38	0.000	0.11	1.278	0.388
22	0.000	0.118	1.224	0.408
141	0.182	0.128	1.157	0.437
55	0.147	0.137	1.108	0.458
83	0.210	0.158	0.997	0.467
166	0.000	0.157	1.001	0.467
90	0.000	0.149	1.042	0.467
121	0.119	0.144	1.069	0.467
1	0.000	0.145	1.064	0.467
45	0.000	0.151	1.032	0.467
48	0.158	0.151	1.031	0.467
33	0.000	0.157	1.002	0.467
35	0.000	0.161	0.981	0.47
133	0.000	0.165	0.963	0.474
71	0.000	0.169	0.945	0.474
61	0.000	0.17	0.942	0.474
174	0.267	0.177	0.911	0.481
162	0.000	0.175	0.919	0.481
43	0.197	0.183	0.885	0.485
199	0.249	0.181	0.893	0.485
81	0.000	0.192	0.852	0.5
151	0.306	0.197	0.831	0.509
52	0.000	0.208	0.793	0.529
42	0.319	0.216	0.764	0.537
139	0.000	0.216	0.764	0.537
7	0.000	0.226	0.733	0.547
64	0.112	0.226	0.733	0.547
132	0.199	0.231	0.717	0.553
122	0.243	0.239	0.692	0.566
95	0.000	0.244	0.680	0.569
182	0.000	0.254	0.650	0.58
184	0.000	0.254	0.650	0.58
105	0.000	0.273	0.601	0.616
129	0.397	0.289	0.562	0.646
47	0.000	0.293	0.552	0.648
159	0.000	0.302	0.532	0.66
51	0.000	0.309	0.517	0.667
144	0.368	0.312	0.511	0.667
76	0.160	0.345	0.446	0.73
126	0.356	0.352	0.434	0.736
142	0.418	0.359	0.421	0.736
183	0.000	0.359	0.421	0.736
125	0.280	0.367	0.407	0.745
140	0.253	0.384	0.378	0.773
160	0.235	0.419	0.326	0.826
80	0.000	0.418	0.328	0.826
21	0.000	0.436	0.304	0.85
143	0.362	0.442	0.296	0.853
173	0.408	0.452	0.282	0.866
24	0.427	0.463	0.269	0.87
10	0.317	0.461	0.272	0.87
57	0.000	0.492	0.236	0.907
12	0.000	0.49	0.238	0.907
103	0.000	0.512	0.215	0.927
120	0.328	0.509	0.218	0.927
63	0.512	0.519	0.208	0.932
94	0.000	0.534	0.194	0.949
17	0.000	0.561	0.169	0.981
31	0.000	0.557	0.172	0.981
177	0.000	0.6	0.137	1
176	1.000	1	0.000	1
175	1.876	0.581	0.153	1
79	1.000	1	0.000	1
82	0.000	0.882	0.011	1
172	0.000	0.877	0.012	1
171	6.207	0.177	0.909	1
170	1.063	0.965	0.001	1
18	0.491	0.577	0.155	1
167	0.000	0.878	0.012	1
19	8.060	0.211	0.782	1
165	0.000	0.791	0.035	1
164	1.487	0.754	0.049	1
163	5.681	0.353	0.432	1
50	1.000	1	0.000	1
161	0.000	0.748	0.052	1
49	0.000	0.784	0.037	1
168	1.944	0.649	0.104	1
86	0.000	0.912	0.006	1
113	1.968	0.594	0.142	1
180	0.000	0.627	0.118	1
67	1.000	1	0.000	1
3	0.000	0.959	0.001	1
4	0.942	0.963	0.001	1
6	0.000	0.621	0.122	1
195	0.000	0.955	0.002	1
68	0.000	0.788	0.036	1
8	0.000	0.954	0.002	1
69	1.272	0.862	0.015	1
70	0.000	0.828	0.024	1
190	100.000	0.383	0.380	1
13	0.000	0.861	0.015	1
14	3.536	0.46	0.273	1
15	2.239	0.473	0.258	1
16	87.804	0.0764	1.569	1
185	100.000	0.0355	2.210	1
72	1.644	0.713	0.068	1
74	0.000	0.705	0.072	1
54	0.502	0.637	0.111	1
181	0.000	0.769	0.043	1
179	0.000	0.905	0.007	1
158	0.000	0.863	0.015	1
157	0.966	0.992	0.000	1
156	0.649	0.707	0.071	1
131	0.883	0.925	0.004	1
130	100.000	0.403	0.349	1
104	0.587	0.659	0.097	1
32	0.000	0.952	0.002	1
127	0.000	0.862	0.015	1
106	1.000	1	0.000	1
107	0.000	0.617	0.125	1
124	0.000	0.796	0.034	1
102	0.000	0.867	0.014	1
109	100.000	0.268	0.613	1
34	0.000	0.726	0.061	1
111	100.000	0.124	1.185	1
119	100.000	0.0123	3.136	1
118	1.000	1	0.000	1
117	100.000	0.044	2.028	1
116	0.757	0.768	0.044	1
115	4.562	0.411	0.337	1
114	0.989	0.992	0.000	1
110	0.644	0.754	0.049	1
112	0.000	0.809	0.029	1
36	2.130	0.556	0.174	1
135	1.322	0.852	0.017	1
155	100.000	0.0652	1.700	1
154	0.709	0.811	0.029	1
153	0.999	0.999	0.000	1
152	1.599	0.695	0.077	1
87	2.272	0.662	0.096	1
150	0.000	0.787	0.036	1
20	0.000	0.897	0.008	1
148	0.876	0.93	0.004	1
134	100.000	0.118	1.222	1
88	1.000	1	0.000	1
89	1.000	1	0.000	1
92	0.000	0.881	0.011	1
93	0.000	0.807	0.030	1
25	0.000	0.845	0.019	1
96	0.000	0.813	0.028	1
99	0.000	0.839	0.021	1
29	0.680	0.718	0.065	1
137	0.000	0.824	0.025	1
23	1.000	1	0.000	1
101	0.000	0.879	0.012	1