# Differential preferences fit to each site.
# Regularizing prior: ('invquadratic', 150.0, 0.5)
#
site	dpi_A	dpi_C	dpi_D	dpi_E	dpi_F	dpi_G	dpi_H	dpi_I	dpi_K	dpi_L	dpi_M	dpi_N	dpi_P	dpi_Q	dpi_R	dpi_S	dpi_T	dpi_V	dpi_W	dpi_Y	half_sum_abs_dpi
192	0.2285	-0.0006	-0.0021	0.0012	-0.0054	-0.0010	0.0006	-0.0365	-0.0008	-0.0268	0.0028	-0.0184	-0.0270	0.0018	-0.0036	-0.0554	-0.0118	-0.0441	0.0043	-0.0058	0.2392
197	-0.0085	-0.0067	-0.0054	-0.0046	-0.0138	-0.0055	-0.0114	-0.0153	-0.0068	-0.0342	-0.0041	-0.0082	0.2245	-0.0066	-0.0121	-0.0412	-0.0157	-0.0108	-0.0031	-0.0105	0.2245
16	-0.0193	0.0106	0.0120	0.0125	0.0044	-0.0023	0.0116	-0.0499	0.0442	-0.0127	0.0132	0.0227	-0.0011	0.0124	0.0276	0.0139	-0.1255	0.0078	0.0143	0.0036	0.2107
35	-0.0008	-0.0008	-0.0008	0.0100	-0.1114	-0.0008	-0.0008	-0.0166	-0.0008	-0.0562	0.0111	-0.0008	-0.0008	-0.0008	-0.0008	-0.0008	-0.0008	-0.0122	0.0137	0.1711	0.2059
168	0.0058	-0.0005	-0.0026	-0.0007	0.0237	-0.0049	-0.0208	0.0004	0.0046	0.0023	-0.0041	0.0083	0.0144	0.0387	0.0080	0.0199	0.0711	-0.0009	-0.0002	-0.1626	0.1972
115	-0.0487	0.0063	0.0005	0.0431	-0.0028	0.0056	0.0070	-0.0692	0.0031	-0.0168	0.0086	0.0226	-0.0018	0.0546	0.0016	0.0099	-0.0512	0.0155	0.0105	0.0016	0.1905
114	0.0035	0.0083	0.0097	0.0093	-0.0033	0.0099	0.0095	-0.0221	0.0387	0.0380	-0.0259	-0.0066	-0.0011	0.0093	0.0035	0.0276	-0.1262	0.0039	0.0119	0.0021	0.1853
119	-0.0065	-0.0008	-0.0062	-0.0030	0.1141	-0.0073	0.0605	-0.0014	-0.0166	-0.0008	-0.0035	-0.0096	-0.0046	-0.0146	-0.0278	-0.0104	-0.0131	-0.0029	-0.0014	-0.0439	0.1746
198	-0.0034	-0.0043	-0.0028	-0.0073	-0.0126	-0.0029	-0.0033	-0.0305	0.1717	-0.0229	-0.0016	-0.0133	-0.0040	-0.0053	-0.0124	-0.0151	-0.0118	-0.0091	-0.0001	-0.0088	0.1717
164	-0.0271	-0.0026	0.0429	-0.0008	-0.0016	0.1118	-0.0112	0.0016	-0.0180	0.0019	-0.0037	-0.0123	-0.0091	-0.0160	0.0066	0.0060	-0.0547	-0.0104	-0.0012	-0.0022	0.1708
32	-0.0079	0.0032	-0.0082	0.0051	-0.0456	-0.0016	0.0040	-0.0393	0.0032	-0.0300	0.0056	-0.0134	-0.0011	0.0049	0.0012	-0.0055	0.0008	0.1185	0.0067	-0.0005	0.1531
201	-0.0075	-0.0022	-0.0008	-0.0000	-0.0096	-0.0010	-0.0013	-0.0414	-0.0032	-0.0188	0.0004	-0.0086	-0.0057	-0.0003	-0.0051	-0.0265	0.1430	-0.0065	0.0017	-0.0065	0.1452
39	-0.0014	-0.0058	-0.0025	-0.0003	-0.0173	-0.0010	-0.0230	-0.0088	-0.0021	-0.0142	0.0000	-0.0349	-0.0018	-0.0006	-0.0038	-0.0151	-0.0040	-0.0053	0.0009	0.1409	0.1419
169	-0.0123	-0.0010	-0.0070	-0.0062	-0.0031	-0.0044	0.0079	0.0590	-0.0075	-0.0132	-0.0041	-0.0109	-0.0091	0.0691	-0.0112	-0.0256	0.0042	-0.0112	-0.0010	-0.0123	0.1402
199	0.0018	0.0011	0.0024	-0.0013	-0.0126	0.0023	0.0005	-0.0431	0.0445	0.0396	-0.0301	-0.0097	0.0006	0.0412	-0.0102	-0.0114	-0.0069	-0.0095	0.0035	-0.0027	0.1375
110	0.0021	-0.0054	0.0027	0.0055	-0.0050	0.0051	0.0366	-0.0242	0.0349	-0.0138	0.0063	-0.0220	-0.0061	0.0054	0.0008	0.0294	-0.0483	-0.0005	0.0082	-0.0116	0.1370
78	-0.0041	-0.0057	-0.0034	-0.0025	-0.0052	-0.0089	-0.0044	-0.0060	-0.0142	-0.0028	-0.0054	-0.0069	-0.0050	-0.0033	0.1317	-0.0264	-0.0146	-0.0098	-0.0039	0.0008	0.1325
37	-0.0081	-0.0039	-0.0052	-0.0095	-0.0101	-0.0145	-0.0031	0.0463	-0.0040	-0.0288	-0.0087	-0.0052	-0.0037	-0.0023	-0.0059	-0.0118	-0.0061	0.0849	-0.0006	0.0001	0.1314
160	-0.0029	0.0170	0.0035	0.0446	0.0218	-0.0006	-0.0061	-0.0070	0.0003	-0.0135	-0.0009	-0.0030	-0.0031	-0.0028	-0.0075	-0.0159	-0.0096	-0.0146	0.0390	-0.0389	0.1262
147	-0.0037	-0.0026	-0.0042	0.0012	-0.0102	0.0846	-0.0002	-0.0213	-0.0015	-0.0209	0.0019	-0.0060	-0.0010	0.0009	-0.0190	0.0283	-0.0060	-0.0239	0.0033	0.0003	0.1205
155	0.0413	-0.0043	0.0072	0.0287	-0.0010	-0.0258	-0.0016	-0.0010	0.0284	-0.0010	-0.0096	-0.0129	0.0004	0.0110	0.0024	-0.0392	-0.0215	-0.0010	-0.0010	0.0002	0.1197
56	-0.0025	-0.0034	-0.0018	-0.0033	-0.0011	-0.0018	-0.0023	-0.0119	0.1165	-0.0138	-0.0047	-0.0186	-0.0011	-0.0033	-0.0142	-0.0155	-0.0103	-0.0086	0.0013	0.0003	0.1181
200	-0.0032	-0.0048	-0.0002	0.0004	-0.0351	-0.0003	-0.0006	-0.0092	-0.0015	-0.0154	0.0009	-0.0028	-0.0084	0.0002	-0.0034	0.1134	-0.0113	-0.0051	0.0019	-0.0155	0.1169
55	-0.0080	-0.0036	0.0009	0.0018	-0.0090	0.0008	0.0004	0.0463	-0.0017	-0.0183	0.0022	-0.0086	-0.0044	0.0014	-0.0035	-0.0485	0.0588	-0.0058	0.0036	-0.0049	0.1163
148	-0.0023	-0.0081	-0.0025	-0.0010	-0.0086	0.0724	-0.0008	-0.0203	-0.0015	-0.0183	0.0012	-0.0054	-0.0012	0.0292	-0.0129	-0.0167	0.0093	-0.0096	0.0026	-0.0055	0.1147
129	-0.0415	0.0028	-0.0043	0.0014	-0.0037	0.0566	0.0032	-0.0080	0.0011	-0.0011	0.0059	-0.0003	-0.0014	0.0030	-0.0063	0.0388	-0.0100	-0.0370	0.0005	0.0004	0.1136
125	-0.0053	-0.0080	-0.0010	-0.0010	-0.0312	-0.0079	-0.0078	-0.0180	-0.0010	-0.0009	-0.0042	-0.0076	0.0001	-0.0009	0.0519	0.0138	-0.0064	-0.0124	0.0270	0.0208	0.1135
171	-0.0648	-0.0012	0.0158	-0.0008	-0.0142	-0.0010	-0.0082	-0.0033	-0.0007	-0.0010	0.0006	0.0223	-0.0010	-0.0028	-0.0010	0.0193	0.0416	0.0102	0.0004	-0.0099	0.1101
2	-0.0010	-0.0017	-0.0004	0.0003	-0.0164	-0.0005	-0.0009	0.1068	-0.0024	-0.0236	-0.0028	-0.0083	-0.0015	-0.0000	-0.0041	-0.0150	-0.0130	-0.0119	0.0018	-0.0054	0.1089
109	-0.0009	-0.0112	0.0250	0.0082	0.0011	-0.0024	-0.0033	0.0207	-0.0147	-0.0076	-0.0087	-0.0442	-0.0009	-0.0087	0.0375	0.0164	-0.0016	-0.0038	-0.0009	-0.0001	0.1089
28	-0.0008	-0.0008	-0.0008	-0.0008	-0.0211	-0.0008	-0.0008	0.1078	-0.0008	-0.0471	-0.0151	-0.0008	-0.0008	-0.0008	-0.0008	-0.0008	-0.0008	-0.0017	-0.0103	-0.0016	0.1078
188	-0.0020	-0.0029	-0.0015	-0.0006	-0.0070	-0.0015	-0.0027	-0.0103	-0.0030	0.1014	-0.0001	-0.0045	-0.0095	-0.0101	-0.0088	-0.0153	-0.0056	-0.0175	0.0012	0.0002	0.1028
43	-0.0047	-0.0077	0.0002	0.0009	0.0477	0.0001	-0.0003	-0.0094	-0.0012	-0.0279	0.0013	-0.0026	-0.0176	0.0006	-0.0033	0.0486	-0.0104	-0.0051	0.0024	-0.0116	0.1018
46	-0.0010	-0.0026	0.0066	0.0074	-0.0122	0.0065	0.0062	-0.0414	-0.0122	-0.0092	0.0079	-0.0057	-0.0010	0.0071	-0.0020	-0.0137	0.0475	0.0013	0.0090	0.0016	0.1012
14	-0.0007	-0.0008	-0.0008	-0.0046	-0.0008	-0.0013	-0.0008	0.0528	-0.0056	-0.0008	-0.0001	-0.0317	-0.0008	-0.0021	-0.0137	-0.0355	0.0241	0.0232	-0.0008	0.0010	0.1011
54	0.0340	-0.0011	-0.0011	0.0038	-0.0067	-0.0007	-0.0068	-0.0087	0.0002	-0.0322	0.0040	-0.0002	0.0478	0.0033	-0.0039	-0.0133	-0.0174	-0.0077	0.0055	0.0012	0.0998
153	0.0004	-0.0002	0.0018	0.0019	-0.0113	0.0009	-0.0058	0.0387	-0.0015	-0.0579	0.0016	-0.0020	-0.0010	0.0253	-0.0056	-0.0102	-0.0039	0.0248	0.0037	0.0003	0.0994
190	0.0675	0.0010	0.0028	-0.0005	-0.0086	0.0117	0.0022	-0.0062	0.0008	-0.0149	0.0045	-0.0011	-0.0012	-0.0011	-0.0027	-0.0236	-0.0141	-0.0235	0.0060	0.0013	0.0976
196	-0.0043	-0.0017	0.0001	-0.0060	-0.0050	0.0908	-0.0011	-0.0011	-0.0007	-0.0138	0.0026	-0.0025	-0.0002	0.0017	-0.0246	-0.0134	-0.0037	-0.0141	0.0025	-0.0054	0.0976
111	-0.0025	-0.0010	-0.0011	-0.0010	-0.0166	-0.0010	0.0059	-0.0061	0.0626	-0.0564	-0.0044	-0.0023	-0.0010	0.0187	-0.0002	-0.0021	0.0008	0.0080	-0.0005	0.0001	0.0962
163	0.0018	-0.0036	-0.0009	0.0294	-0.0042	-0.0068	-0.0221	-0.0085	0.0051	-0.0098	-0.0004	-0.0167	-0.0008	0.0081	0.0504	-0.0088	-0.0039	-0.0074	-0.0007	0.0000	0.0947
61	0.0010	0.0818	0.0014	0.0028	-0.0070	-0.0070	0.0011	-0.0091	0.0004	-0.0156	0.0025	0.0001	0.0002	0.0026	-0.0074	-0.0243	-0.0025	-0.0041	-0.0060	-0.0110	0.0939
26	-0.0031	-0.0037	-0.0026	-0.0030	-0.0010	-0.0010	-0.0031	-0.0307	0.0257	0.0452	0.0209	-0.0010	-0.0010	-0.0057	-0.0082	-0.0098	-0.0083	-0.0087	-0.0010	-0.0000	0.0918
149	-0.0041	-0.0017	0.0003	0.0012	-0.0062	0.0002	-0.0052	-0.0225	-0.0027	-0.0318	-0.0007	-0.0034	0.0037	0.0007	-0.0076	0.0222	0.0595	-0.0059	0.0030	0.0008	0.0917
120	0.0001	0.0004	-0.0046	0.0270	-0.0043	0.0434	-0.0031	-0.0103	-0.0062	-0.0140	0.0029	0.0118	-0.0011	0.0013	-0.0040	-0.0145	-0.0020	-0.0150	0.0045	-0.0124	0.0914
116	-0.0123	0.0065	-0.0017	0.0017	-0.0123	0.0119	0.0007	-0.0107	-0.0006	-0.0107	0.0028	-0.0036	-0.0046	0.0018	-0.0065	0.0596	-0.0100	-0.0165	0.0041	0.0002	0.0893
154	-0.0448	-0.0019	-0.0089	0.0101	-0.0011	-0.0085	-0.0042	0.0572	-0.0027	-0.0043	-0.0011	-0.0033	0.0159	-0.0017	-0.0038	0.0010	-0.0019	0.0045	-0.0005	-0.0000	0.0887
128	0.0006	0.0022	0.0009	0.0007	-0.0025	0.0006	0.0449	-0.0084	0.0134	-0.0084	-0.0021	-0.0118	-0.0023	-0.0352	0.0243	-0.0097	-0.0037	-0.0046	0.0005	0.0004	0.0886
140	-0.0000	0.0008	-0.0026	0.0026	-0.0029	0.0026	-0.0014	-0.0178	-0.0057	-0.0162	0.0038	0.0525	-0.0011	0.0021	-0.0019	-0.0186	0.0172	-0.0036	0.0055	-0.0153	0.0871
5	0.0005	-0.0002	0.0010	0.0017	-0.0312	0.0009	-0.0016	-0.0136	-0.0003	0.0792	-0.0014	-0.0016	-0.0030	-0.0011	-0.0054	-0.0110	-0.0024	-0.0093	0.0024	-0.0036	0.0857
9	-0.0048	-0.0011	-0.0038	-0.0034	-0.0114	0.0590	-0.0012	-0.0021	-0.0030	-0.0035	0.0011	0.0243	-0.0019	0.0001	-0.0161	-0.0151	-0.0058	-0.0046	0.0012	-0.0078	0.0856
195	0.0044	0.0561	0.0050	-0.0010	-0.0254	0.0021	-0.0010	-0.0052	0.0034	-0.0121	0.0063	0.0019	-0.0031	0.0054	-0.0109	-0.0136	0.0009	-0.0010	-0.0041	-0.0080	0.0856
87	-0.0072	-0.0016	0.0111	0.0244	-0.0136	-0.0039	-0.0009	-0.0134	0.0273	-0.0191	0.0150	0.0004	-0.0014	-0.0017	-0.0043	-0.0092	-0.0042	0.0058	0.0014	-0.0049	0.0853
36	0.0196	-0.0011	-0.0006	-0.0013	0.0551	-0.0032	-0.0039	-0.0101	-0.0040	-0.0224	-0.0020	-0.0044	-0.0011	-0.0020	-0.0061	0.0100	-0.0116	-0.0093	-0.0014	0.0000	0.0847
83	0.0728	-0.0046	-0.0010	-0.0010	-0.0113	0.0118	-0.0037	-0.0010	-0.0043	-0.0195	-0.0016	-0.0051	-0.0010	-0.0029	-0.0116	-0.0097	-0.0010	-0.0010	-0.0010	-0.0031	0.0846
64	0.0029	-0.0010	-0.0046	0.0042	-0.0048	-0.0001	0.0012	-0.0136	-0.0193	-0.0117	0.0047	0.0325	0.0024	0.0039	-0.0172	0.0267	-0.0030	-0.0019	0.0058	-0.0071	0.0843
175	-0.0008	-0.0008	-0.0008	-0.0008	-0.0077	-0.0008	0.0831	-0.0008	-0.0008	-0.0008	-0.0008	-0.0012	-0.0008	-0.0008	-0.0008	-0.0008	-0.0008	-0.0008	-0.0143	-0.0475	0.0831
33	0.0487	0.0026	-0.0009	-0.0009	-0.0127	0.0011	0.0045	-0.0017	-0.0009	-0.0343	0.0082	-0.0009	-0.0027	0.0065	-0.0009	-0.0027	-0.0028	-0.0213	0.0105	0.0005	0.0827
53	-0.0051	-0.0078	-0.0003	0.0005	-0.0010	-0.0010	-0.0006	-0.0092	-0.0016	-0.0189	0.0010	-0.0029	-0.0134	0.0002	-0.0052	0.0785	-0.0097	-0.0052	0.0019	0.0000	0.0821
42	0.0141	-0.0010	-0.0036	-0.0044	-0.0098	-0.0044	-0.0032	-0.0042	-0.0081	-0.0041	-0.0028	-0.0015	-0.0104	-0.0049	-0.0081	0.0388	0.0284	-0.0094	-0.0013	-0.0000	0.0814
62	0.0024	-0.0019	-0.0010	-0.0010	0.0667	-0.0010	-0.0043	-0.0134	-0.0010	-0.0312	0.0043	-0.0011	0.0018	-0.0010	-0.0010	-0.0096	-0.0011	-0.0050	0.0054	-0.0068	0.0807
27	0.0019	-0.0119	0.0025	0.0033	-0.0011	-0.0011	-0.0000	-0.0133	0.0123	-0.0196	0.0038	-0.0007	-0.0038	0.0021	0.0485	-0.0206	-0.0043	-0.0034	0.0048	0.0007	0.0798
100	-0.0016	-0.0018	-0.0011	-0.0011	-0.0070	-0.0011	-0.0012	-0.0175	-0.0056	0.0172	-0.0208	-0.0022	-0.0011	-0.0006	-0.0053	-0.0013	0.0620	-0.0056	0.0002	-0.0045	0.0794
4	0.0010	-0.0024	0.0009	0.0042	-0.0012	0.0010	0.0019	-0.0042	-0.0049	-0.0035	0.0016	0.0320	-0.0029	0.0330	-0.0037	-0.0335	-0.0057	-0.0083	0.0028	-0.0081	0.0784
59	-0.0127	-0.0001	0.0682	0.0001	-0.0066	-0.0047	-0.0014	-0.0010	-0.0002	-0.0015	0.0030	-0.0119	-0.0010	0.0023	-0.0028	-0.0112	-0.0030	-0.0010	0.0043	-0.0185	0.0778
48	0.0023	0.0015	0.0029	-0.0003	-0.0010	-0.0010	0.0000	-0.0103	0.0313	-0.0176	-0.0081	-0.0118	-0.0010	0.0338	-0.0038	-0.0089	-0.0106	-0.0033	0.0057	0.0000	0.0776
84	-0.0041	-0.0026	-0.0007	-0.0055	-0.0009	-0.0012	-0.0009	-0.0028	-0.0133	-0.0009	0.0007	-0.0009	-0.0009	0.0728	-0.0102	-0.0160	-0.0065	-0.0086	0.0027	0.0000	0.0762
152	-0.0172	-0.0045	-0.0047	-0.0023	-0.0039	0.0025	-0.0031	-0.0010	-0.0036	-0.0026	-0.0013	-0.0045	0.0626	-0.0029	-0.0068	0.0110	-0.0158	-0.0010	-0.0010	-0.0000	0.0761
187	-0.0011	-0.0005	0.0008	0.0014	-0.0026	0.0006	-0.0090	-0.0158	-0.0006	0.0675	0.0012	-0.0019	-0.0060	0.0002	-0.0056	-0.0103	-0.0026	-0.0182	0.0017	0.0008	0.0743
132	-0.0010	-0.0019	-0.0009	-0.0018	-0.0072	-0.0016	-0.0012	-0.0053	0.0040	-0.0198	-0.0003	0.0426	-0.0011	-0.0019	0.0268	-0.0130	-0.0092	-0.0065	-0.0011	0.0004	0.0739
10	-0.0024	-0.0009	-0.0027	0.0111	-0.0009	-0.0083	-0.0024	-0.0014	-0.0101	-0.0069	0.0028	-0.0047	-0.0021	0.0540	-0.0026	-0.0186	-0.0064	-0.0024	0.0048	0.0000	0.0727
29	-0.0033	0.0010	-0.0013	-0.0004	-0.0132	-0.0054	-0.0007	-0.0042	-0.0030	-0.0011	-0.0004	-0.0090	-0.0070	0.0005	-0.0110	0.0695	-0.0064	-0.0060	0.0003	0.0010	0.0723
130	0.0017	0.0009	0.0003	-0.0038	-0.0063	0.0022	0.0013	-0.0092	0.0234	-0.0148	-0.0076	0.0362	0.0012	-0.0004	-0.0042	-0.0101	-0.0066	-0.0033	0.0047	-0.0057	0.0719
141	-0.0090	-0.0019	0.0092	0.0160	-0.0081	-0.0052	-0.0011	-0.0044	-0.0059	-0.0025	-0.0073	-0.0025	-0.0031	-0.0003	-0.0053	-0.0109	-0.0043	0.0459	0.0004	0.0002	0.0717
7	-0.0059	-0.0010	0.0000	0.0015	-0.0010	0.0005	-0.0060	-0.0010	-0.0012	-0.0010	0.0022	-0.0034	0.0628	0.0007	-0.0105	-0.0284	-0.0114	-0.0010	0.0036	0.0000	0.0714
117	-0.0035	0.0001	0.0195	-0.0008	-0.0007	-0.0573	-0.0007	-0.0007	-0.0008	-0.0007	-0.0007	0.0389	-0.0007	-0.0007	-0.0006	0.0123	-0.0016	-0.0006	-0.0007	-0.0000	0.0707
108	-0.0186	-0.0008	-0.0008	-0.0008	-0.0008	-0.0008	-0.0008	0.0433	-0.0008	-0.0008	-0.0008	-0.0008	-0.0008	-0.0008	-0.0008	-0.0405	0.0271	-0.0008	-0.0008	-0.0000	0.0704
189	0.0004	-0.0004	-0.0014	0.0020	-0.0047	0.0010	0.0400	-0.0033	-0.0011	-0.0100	0.0025	0.0180	-0.0003	0.0013	-0.0032	-0.0146	-0.0061	-0.0050	0.0038	-0.0190	0.0691
185	-0.0007	-0.0007	-0.0007	-0.0007	-0.0171	-0.0007	-0.0007	-0.0018	-0.0007	-0.0248	-0.0136	-0.0007	-0.0007	-0.0007	-0.0007	-0.0007	-0.0007	-0.0007	-0.0012	0.0690	0.0690
173	-0.0055	0.0003	-0.0045	0.0019	-0.0227	-0.0084	0.0010	0.0431	-0.0004	-0.0159	0.0016	-0.0019	-0.0011	0.0017	-0.0020	-0.0038	-0.0011	0.0136	0.0034	0.0006	0.0673
97	0.0003	-0.0016	0.0459	-0.0015	-0.0044	-0.0117	-0.0001	-0.0058	0.0022	-0.0123	0.0049	-0.0058	0.0026	0.0041	0.0002	-0.0064	-0.0001	-0.0171	0.0060	0.0005	0.0668
151	-0.0062	-0.0027	-0.0014	0.0011	-0.0158	-0.0002	-0.0014	-0.0028	-0.0042	-0.0215	0.0018	0.0177	-0.0009	0.0004	-0.0041	0.0413	0.0003	-0.0054	0.0031	0.0008	0.0666
191	-0.0010	-0.0036	0.0001	-0.0010	-0.0042	-0.0005	-0.0048	-0.0010	-0.0037	-0.0010	-0.0010	0.0020	0.0622	-0.0020	-0.0074	-0.0188	-0.0099	-0.0046	0.0000	0.0000	0.0644
85	-0.0096	-0.0010	0.0007	0.0017	-0.0014	0.0006	0.0000	-0.0087	-0.0027	-0.0010	0.0020	-0.0087	-0.0010	0.0012	-0.0043	-0.0198	0.0543	-0.0059	0.0035	0.0001	0.0642
135	-0.0047	-0.0008	-0.0243	-0.0032	-0.0008	0.0633	-0.0050	-0.0008	-0.0008	-0.0008	-0.0008	-0.0008	-0.0008	-0.0120	-0.0008	-0.0008	-0.0045	-0.0008	-0.0008	-0.0000	0.0633
146	0.0119	-0.0008	0.0465	0.0031	-0.0008	-0.0191	-0.0036	-0.0008	-0.0008	-0.0008	-0.0008	-0.0032	-0.0008	-0.0008	-0.0008	-0.0212	-0.0047	-0.0008	-0.0008	-0.0008	0.0615
24	-0.0052	-0.0009	0.0005	0.0069	-0.0009	-0.0016	-0.0048	-0.0009	-0.0066	-0.0009	-0.0009	0.0525	-0.0009	-0.0019	-0.0068	-0.0171	-0.0090	-0.0020	0.0007	0.0000	0.0606
1	0.0019	-0.0013	-0.0023	0.0036	-0.0069	0.0025	-0.0025	-0.0066	-0.0044	-0.0104	0.0041	0.0365	0.0014	0.0032	-0.0015	-0.0152	-0.0043	-0.0035	0.0054	0.0003	0.0589
157	-0.0007	-0.0007	0.0035	-0.0007	-0.0007	0.0400	-0.0007	-0.0007	-0.0007	-0.0007	-0.0007	-0.0473	-0.0007	-0.0007	-0.0007	0.0146	-0.0007	-0.0007	-0.0007	-0.0007	0.0581
73	-0.0055	-0.0008	-0.0008	-0.0008	-0.0008	-0.0008	-0.0008	-0.0007	-0.0036	-0.0008	-0.0060	-0.0008	-0.0008	-0.0022	-0.0187	-0.0128	0.0577	-0.0008	-0.0008	-0.0000	0.0577
76	-0.0008	-0.0008	0.0577	-0.0100	-0.0008	-0.0008	-0.0167	-0.0008	-0.0008	-0.0008	-0.0008	-0.0008	-0.0008	-0.0182	-0.0008	-0.0008	-0.0008	-0.0008	-0.0012	-0.0000	0.0577
138	-0.0011	-0.0017	-0.0007	-0.0001	0.0107	-0.0008	-0.0024	0.0062	-0.0024	0.0394	-0.0024	-0.0070	-0.0024	-0.0003	-0.0042	-0.0168	-0.0071	-0.0081	0.0011	0.0000	0.0574
60	0.0019	0.0012	0.0023	0.0029	-0.0156	0.0022	-0.0025	-0.0122	0.0012	0.0371	0.0028	0.0001	-0.0010	0.0022	-0.0066	-0.0089	-0.0006	-0.0078	0.0031	-0.0016	0.0569
122	-0.0013	-0.0067	-0.0027	-0.0007	0.0043	-0.0011	-0.0016	0.0256	0.0127	0.0127	-0.0019	-0.0060	-0.0011	0.0003	-0.0025	-0.0087	-0.0038	-0.0177	-0.0012	0.0012	0.0569
156	0.0010	-0.0014	-0.0011	-0.0011	0.0006	0.0015	-0.0036	-0.0178	0.0003	0.0258	0.0026	-0.0008	0.0212	-0.0033	-0.0049	-0.0087	-0.0020	-0.0085	0.0035	-0.0035	0.0565
142	-0.0022	-0.0007	-0.0009	0.0008	-0.0225	-0.0009	-0.0030	0.0044	-0.0009	-0.0151	0.0005	-0.0009	0.0483	0.0005	-0.0009	-0.0009	-0.0012	-0.0062	0.0018	0.0002	0.0565
40	-0.0003	-0.0011	-0.0038	0.0013	-0.0011	0.0002	-0.0027	-0.0011	-0.0067	-0.0053	0.0019	0.0479	-0.0009	0.0009	-0.0040	-0.0177	-0.0101	-0.0011	0.0032	0.0002	0.0557
174	-0.0019	-0.0010	-0.0034	0.0013	-0.0021	0.0235	0.0003	-0.0010	-0.0012	-0.0196	0.0026	0.0217	-0.0003	0.0016	-0.0089	-0.0105	-0.0040	-0.0010	0.0040	0.0001	0.0551
3	-0.0039	0.0005	0.0018	0.0026	-0.0040	0.0017	0.0013	-0.0033	-0.0033	-0.0148	0.0030	-0.0011	-0.0017	0.0022	-0.0059	-0.0131	0.0365	-0.0036	0.0042	0.0008	0.0547
63	-0.0020	-0.0026	0.0010	0.0018	-0.0011	-0.0013	0.0006	-0.0177	-0.0006	-0.0108	0.0023	-0.0066	-0.0011	0.0014	-0.0061	0.0408	0.0018	-0.0041	0.0034	0.0008	0.0539
186	-0.0009	-0.0009	-0.0041	0.0378	-0.0009	-0.0025	0.0010	-0.0009	-0.0117	-0.0009	0.0041	-0.0034	-0.0001	0.0018	-0.0047	-0.0136	-0.0052	-0.0009	0.0061	0.0000	0.0508
58	0.0012	-0.0010	-0.0006	0.0029	-0.0010	0.0018	-0.0015	-0.0014	-0.0078	-0.0023	0.0035	0.0317	0.0005	0.0025	-0.0026	-0.0163	-0.0085	-0.0059	0.0049	0.0001	0.0491
30	-0.0011	-0.0016	0.0079	0.0037	-0.0091	0.0026	0.0002	-0.0009	-0.0183	-0.0009	-0.0010	0.0246	-0.0009	0.0035	-0.0023	-0.0107	-0.0009	-0.0009	0.0062	0.0000	0.0487
194	-0.0018	-0.0009	-0.0112	-0.0009	-0.0009	0.0006	-0.0009	-0.0122	-0.0009	-0.0128	-0.0009	-0.0009	-0.0009	-0.0009	-0.0001	-0.0009	-0.0009	0.0429	0.0045	0.0001	0.0481
41	-0.0009	-0.0018	0.0027	0.0034	-0.0074	0.0026	0.0023	-0.0062	0.0014	-0.0137	0.0038	0.0001	-0.0042	0.0031	-0.0006	0.0228	-0.0038	-0.0022	0.0048	-0.0063	0.0471
98	-0.0058	-0.0009	0.0351	-0.0050	-0.0009	-0.0063	-0.0036	-0.0009	0.0000	-0.0009	0.0033	-0.0036	0.0005	0.0023	-0.0025	-0.0107	-0.0028	-0.0019	0.0046	0.0001	0.0458
126	-0.0008	-0.0023	-0.0008	-0.0008	-0.0093	-0.0008	-0.0084	-0.0033	-0.0018	0.0090	-0.0061	-0.0008	-0.0008	-0.0008	-0.0008	-0.0008	-0.0008	0.0359	-0.0054	-0.0001	0.0449
193	-0.0004	-0.0009	0.0037	0.0044	-0.0030	0.0037	-0.0009	-0.0283	-0.0009	-0.0009	-0.0009	0.0002	-0.0027	0.0041	-0.0022	-0.0018	0.0224	-0.0006	0.0056	-0.0005	0.0442
66	0.0017	-0.0028	-0.0010	0.0028	-0.0086	0.0021	-0.0041	-0.0056	0.0010	-0.0108	0.0032	-0.0040	0.0013	0.0025	-0.0010	-0.0018	-0.0009	-0.0021	0.0041	0.0237	0.0425
184	-0.0057	-0.0041	-0.0010	-0.0010	-0.0021	0.0002	-0.0001	-0.0074	-0.0008	-0.0040	0.0013	-0.0019	-0.0010	0.0007	-0.0025	0.0362	-0.0051	-0.0042	0.0021	0.0003	0.0408
23	-0.0007	-0.0007	-0.0007	0.0077	-0.0299	-0.0007	-0.0007	-0.0007	-0.0007	-0.0007	0.0095	-0.0007	-0.0007	-0.0007	-0.0007	-0.0007	-0.0007	-0.0007	0.0228	0.0000	0.0399
104	-0.0009	-0.0010	-0.0009	-0.0009	-0.0077	-0.0009	-0.0009	0.0044	-0.0009	0.0338	-0.0038	-0.0009	-0.0009	-0.0009	-0.0009	-0.0009	-0.0009	-0.0093	-0.0008	-0.0050	0.0382
144	-0.0001	-0.0010	-0.0064	0.0014	-0.0010	-0.0004	-0.0035	-0.0010	-0.0031	-0.0009	0.0005	0.0127	-0.0054	0.0062	-0.0121	0.0128	0.0023	-0.0030	0.0021	0.0001	0.0379
123	0.0005	-0.0016	-0.0009	0.0014	-0.0066	0.0008	-0.0089	-0.0009	-0.0001	-0.0009	0.0017	-0.0009	0.0001	0.0012	-0.0016	-0.0110	-0.0009	-0.0029	0.0025	0.0289	0.0371
8	0.0009	-0.0009	0.0012	0.0017	0.0237	0.0012	0.0010	-0.0115	0.0004	-0.0126	0.0020	-0.0009	0.0006	0.0015	-0.0009	-0.0009	-0.0009	-0.0009	0.0026	-0.0074	0.0366
65	-0.0047	0.0009	-0.0009	-0.0009	-0.0020	-0.0028	-0.0009	-0.0068	-0.0009	-0.0117	0.0016	-0.0009	-0.0009	0.0021	-0.0009	-0.0009	-0.0010	0.0285	0.0033	0.0000	0.0363
18	0.0256	-0.0009	0.0004	-0.0029	-0.0009	-0.0016	-0.0016	-0.0009	-0.0013	-0.0009	0.0020	-0.0030	0.0048	0.0000	-0.0009	-0.0196	-0.0009	-0.0009	0.0034	0.0001	0.0363
44	0.0015	-0.0009	0.0020	0.0028	0.0146	0.0019	0.0016	-0.0141	0.0006	-0.0069	0.0032	-0.0008	0.0010	0.0024	-0.0009	-0.0013	-0.0017	-0.0039	0.0043	-0.0052	0.0357
166	0.0005	-0.0020	-0.0008	0.0021	-0.0008	0.0146	0.0022	-0.0016	0.0009	-0.0008	0.0045	-0.0012	0.0014	0.0034	-0.0018	-0.0151	-0.0023	-0.0090	0.0059	0.0000	0.0356
90	-0.0018	0.0007	0.0196	-0.0016	-0.0009	-0.0009	-0.0009	-0.0009	0.0005	-0.0025	0.0046	-0.0058	-0.0009	0.0033	-0.0027	-0.0130	-0.0019	-0.0009	0.0063	0.0000	0.0349
75	-0.0001	0.0014	0.0160	-0.0016	-0.0068	-0.0023	-0.0009	-0.0009	0.0012	-0.0032	0.0044	-0.0054	0.0017	0.0035	-0.0012	-0.0092	-0.0015	-0.0009	0.0057	0.0001	0.0342
22	0.0210	-0.0002	-0.0006	0.0013	-0.0018	-0.0042	0.0009	-0.0010	-0.0004	-0.0010	0.0031	-0.0022	-0.0010	0.0021	-0.0030	-0.0157	-0.0011	-0.0010	0.0045	0.0003	0.0332
145	-0.0123	-0.0003	-0.0001	-0.0009	-0.0001	-0.0044	-0.0009	-0.0008	-0.0001	-0.0010	-0.0016	-0.0001	0.0316	-0.0002	-0.0005	-0.0041	-0.0012	-0.0033	-0.0000	-0.0000	0.0316
52	-0.0009	0.0006	-0.0009	-0.0009	-0.0058	-0.0009	0.0011	-0.0070	0.0005	-0.0107	0.0008	-0.0009	0.0007	0.0016	-0.0009	-0.0009	-0.0009	0.0226	0.0027	0.0001	0.0307
113	-0.0206	0.0035	-0.0007	-0.0007	-0.0004	0.0040	-0.0007	-0.0007	-0.0007	-0.0007	-0.0007	-0.0004	0.0003	-0.0007	0.0004	-0.0003	0.0217	-0.0007	-0.0007	-0.0007	0.0299
67	0.0151	0.0010	0.0020	-0.0008	-0.0008	-0.0008	0.0017	-0.0048	0.0010	-0.0094	0.0028	-0.0000	-0.0008	0.0023	-0.0008	-0.0008	-0.0008	-0.0095	0.0036	0.0000	0.0295
81	0.0099	0.0003	0.0015	0.0008	-0.0008	0.0004	0.0017	-0.0008	0.0000	-0.0008	0.0046	-0.0008	-0.0008	0.0031	-0.0035	-0.0199	-0.0008	-0.0008	0.0064	0.0000	0.0288
11	-0.0008	-0.0000	-0.0008	-0.0008	-0.0008	-0.0008	0.0005	-0.0076	-0.0001	-0.0131	-0.0008	-0.0008	0.0001	0.0010	-0.0008	-0.0008	-0.0008	0.0247	0.0020	0.0000	0.0283
47	0.0018	-0.0014	0.0021	0.0026	0.0061	0.0020	0.0018	-0.0067	0.0012	-0.0164	0.0029	0.0003	0.0014	0.0024	-0.0001	-0.0008	-0.0003	-0.0024	0.0035	0.0000	0.0281
89	0.0090	0.0003	-0.0007	0.0035	-0.0007	-0.0007	0.0016	-0.0007	0.0001	-0.0007	0.0042	-0.0007	-0.0015	0.0030	-0.0007	-0.0167	-0.0038	-0.0007	0.0058	0.0000	0.0275
105	0.0105	0.0006	-0.0007	0.0027	-0.0007	-0.0007	0.0016	-0.0007	0.0004	-0.0007	0.0036	-0.0007	-0.0007	0.0026	-0.0007	-0.0121	-0.0082	-0.0007	0.0049	0.0000	0.0269
134	0.0010	-0.0005	-0.0009	0.0022	0.0058	0.0014	-0.0008	-0.0009	0.0002	-0.0095	0.0025	-0.0036	0.0005	0.0018	-0.0010	-0.0067	-0.0009	-0.0009	0.0035	0.0067	0.0257
121	0.0001	-0.0008	-0.0008	0.0011	0.0175	0.0004	-0.0017	-0.0036	-0.0005	-0.0137	0.0013	-0.0008	-0.0002	0.0008	-0.0008	-0.0008	-0.0008	-0.0008	0.0021	0.0021	0.0256
19	-0.0030	-0.0007	-0.0016	-0.0007	-0.0007	-0.0007	-0.0027	-0.0007	-0.0007	-0.0007	-0.0007	-0.0039	0.0254	-0.0007	-0.0007	-0.0046	-0.0007	-0.0007	-0.0007	-0.0000	0.0254
118	0.0012	0.0004	-0.0004	0.0027	-0.0008	0.0018	-0.0007	-0.0008	-0.0008	-0.0008	0.0032	0.0075	0.0007	0.0024	-0.0014	-0.0132	-0.0041	-0.0013	0.0045	0.0000	0.0244
91	0.0011	-0.0008	-0.0008	0.0019	-0.0054	0.0014	-0.0008	-0.0008	0.0005	-0.0091	0.0022	-0.0033	0.0007	0.0017	-0.0008	-0.0008	-0.0008	-0.0008	0.0029	0.0115	0.0239
143	-0.0008	-0.0006	-0.0008	0.0001	0.0222	-0.0006	-0.0027	-0.0010	-0.0008	-0.0058	0.0004	-0.0008	-0.0008	-0.0002	-0.0008	-0.0008	-0.0008	-0.0023	0.0011	-0.0044	0.0238
12	0.0015	-0.0007	0.0018	0.0023	0.0042	0.0018	0.0016	-0.0067	0.0010	-0.0131	0.0025	0.0002	0.0012	0.0021	-0.0002	-0.0007	-0.0003	-0.0020	0.0032	0.0000	0.0236
51	-0.0008	-0.0008	-0.0008	-0.0008	-0.0008	0.0179	-0.0005	-0.0008	-0.0016	-0.0008	0.0016	-0.0026	-0.0008	0.0006	-0.0065	-0.0032	-0.0008	-0.0008	0.0029	0.0000	0.0230
77	-0.0008	0.0006	-0.0008	-0.0008	-0.0008	-0.0008	0.0011	-0.0077	0.0006	-0.0086	0.0018	-0.0001	0.0008	0.0015	-0.0005	-0.0008	-0.0008	0.0134	0.0025	0.0000	0.0224
178	-0.0021	-0.0014	-0.0008	-0.0004	0.0103	-0.0008	-0.0028	-0.0008	-0.0008	-0.0008	-0.0000	-0.0029	-0.0008	-0.0008	-0.0008	-0.0008	-0.0020	-0.0023	0.0011	0.0100	0.0214
159	0.0013	-0.0007	-0.0007	0.0024	-0.0135	0.0016	-0.0007	-0.0007	0.0005	-0.0007	0.0027	-0.0007	0.0008	0.0021	-0.0007	-0.0007	-0.0007	-0.0007	0.0036	0.0057	0.0208
15	-0.0041	-0.0009	-0.0001	0.0005	-0.0009	-0.0003	-0.0005	-0.0009	-0.0014	-0.0018	0.0007	-0.0009	-0.0024	0.0002	-0.0030	0.0174	-0.0022	-0.0012	0.0016	0.0000	0.0204
139	-0.0028	-0.0050	0.0007	0.0013	-0.0009	0.0006	0.0003	-0.0009	-0.0004	-0.0009	0.0016	-0.0014	-0.0009	0.0010	-0.0019	0.0121	-0.0037	-0.0009	0.0024	0.0000	0.0199
170	-0.0027	-0.0009	0.0003	0.0010	-0.0048	0.0002	-0.0001	-0.0009	-0.0011	-0.0009	0.0013	-0.0047	-0.0007	0.0007	-0.0021	0.0111	0.0030	-0.0009	0.0023	0.0000	0.0198
21	0.0011	-0.0007	-0.0007	0.0022	-0.0094	0.0015	-0.0018	-0.0007	0.0004	-0.0007	0.0025	-0.0007	0.0007	0.0019	-0.0007	-0.0007	-0.0007	-0.0021	0.0034	0.0052	0.0191
72	-0.0008	0.0009	-0.0008	-0.0008	-0.0008	-0.0008	0.0014	0.0046	0.0008	-0.0112	-0.0008	-0.0008	0.0010	0.0019	-0.0005	-0.0008	-0.0008	0.0050	0.0031	0.0000	0.0187
45	-0.0027	-0.0010	0.0003	0.0010	-0.0010	0.0003	-0.0000	-0.0010	-0.0009	-0.0010	0.0015	-0.0022	-0.0010	0.0008	-0.0010	0.0131	-0.0061	-0.0010	0.0017	0.0000	0.0187
38	0.0009	0.0006	0.0012	0.0015	-0.0056	0.0011	-0.0008	-0.0044	0.0006	0.0089	0.0017	-0.0000	-0.0008	-0.0005	-0.0008	-0.0008	-0.0004	-0.0044	0.0021	0.0000	0.0186
50	0.0006	-0.0008	-0.0008	0.0018	-0.0090	0.0010	-0.0008	-0.0008	-0.0002	-0.0008	0.0021	-0.0008	0.0001	0.0014	-0.0008	-0.0008	-0.0008	-0.0008	0.0031	0.0067	0.0169
103	-0.0007	0.0005	-0.0007	0.0015	-0.0007	-0.0007	0.0012	-0.0104	0.0004	-0.0007	0.0024	-0.0007	0.0007	0.0018	-0.0007	-0.0007	-0.0007	0.0047	0.0032	0.0000	0.0164
71	-0.0007	0.0007	-0.0007	-0.0007	-0.0007	-0.0007	0.0013	-0.0088	0.0006	-0.0007	0.0018	-0.0004	0.0009	0.0020	-0.0007	-0.0007	-0.0011	0.0053	0.0033	0.0000	0.0158
182	-0.0007	0.0007	0.0005	-0.0007	-0.0007	-0.0007	0.0014	-0.0100	0.0006	-0.0007	0.0013	-0.0004	0.0009	0.0021	-0.0007	-0.0007	-0.0007	0.0048	0.0035	0.0000	0.0157
34	-0.0007	-0.0020	0.0072	-0.0032	-0.0007	-0.0007	-0.0007	-0.0007	-0.0010	-0.0007	0.0025	-0.0019	-0.0007	0.0011	-0.0007	-0.0007	-0.0007	-0.0007	0.0045	0.0000	0.0154
176	-0.0007	-0.0007	0.0000	-0.0007	-0.0007	-0.0001	-0.0013	-0.0007	-0.0007	-0.0007	0.0025	-0.0056	-0.0007	0.0078	-0.0007	-0.0007	-0.0007	-0.0007	0.0047	0.0000	0.0150
133	-0.0005	-0.0007	0.0006	0.0015	-0.0007	0.0006	-0.0007	-0.0007	-0.0007	-0.0007	0.0019	-0.0007	0.0064	0.0007	-0.0007	-0.0071	-0.0007	-0.0007	0.0031	0.0000	0.0149
69	-0.0007	-0.0007	-0.0007	0.0025	-0.0007	0.0020	-0.0007	-0.0007	0.0013	-0.0007	0.0027	-0.0007	-0.0007	0.0023	0.0002	-0.0056	-0.0017	-0.0007	0.0033	0.0000	0.0144
180	-0.0007	0.0008	-0.0001	-0.0007	-0.0007	-0.0007	0.0014	-0.0077	0.0007	-0.0007	-0.0007	-0.0004	0.0010	0.0021	-0.0007	-0.0007	-0.0007	0.0048	0.0035	0.0000	0.0142
94	0.0000	-0.0007	0.0007	-0.0007	-0.0007	0.0006	0.0002	-0.0007	0.0067	-0.0007	0.0019	-0.0007	-0.0006	-0.0007	-0.0060	-0.0007	-0.0007	-0.0007	0.0037	0.0000	0.0138
31	0.0001	0.0063	0.0008	0.0018	-0.0016	-0.0007	0.0002	-0.0014	-0.0011	-0.0007	0.0024	-0.0024	-0.0006	0.0013	-0.0007	-0.0013	-0.0014	-0.0015	0.0008	0.0000	0.0136
79	-0.0007	-0.0009	-0.0007	-0.0003	-0.0007	-0.0007	-0.0007	-0.0007	-0.0007	-0.0007	0.0014	-0.0028	-0.0007	0.0083	-0.0007	-0.0007	-0.0007	-0.0007	0.0037	0.0000	0.0133
162	0.0004	-0.0003	0.0006	0.0009	0.0042	0.0006	-0.0007	-0.0044	0.0001	0.0039	0.0010	-0.0005	-0.0007	-0.0006	-0.0007	-0.0007	-0.0007	-0.0037	0.0015	0.0000	0.0131
95	0.0010	0.0006	0.0012	0.0015	-0.0008	0.0012	0.0010	-0.0032	0.0006	0.0058	-0.0026	0.0000	-0.0008	-0.0008	-0.0008	-0.0008	-0.0004	-0.0020	-0.0008	0.0000	0.0129
106	-0.0006	-0.0006	-0.0006	-0.0006	-0.0011	-0.0006	-0.0006	-0.0006	-0.0006	-0.0006	-0.0002	-0.0006	-0.0006	-0.0006	-0.0006	-0.0006	-0.0006	-0.0006	0.0117	0.0000	0.0117
136	-0.0004	-0.0008	-0.0001	0.0005	-0.0008	-0.0008	-0.0022	-0.0008	-0.0013	-0.0008	0.0005	-0.0008	-0.0008	0.0000	0.0061	0.0027	-0.0008	-0.0008	0.0012	0.0000	0.0111
96	-0.0011	-0.0007	-0.0001	0.0010	-0.0007	-0.0003	-0.0007	-0.0007	-0.0007	-0.0007	0.0016	-0.0009	0.0052	-0.0007	-0.0007	-0.0018	-0.0007	-0.0007	0.0031	0.0000	0.0108
74	-0.0016	-0.0007	-0.0007	-0.0007	-0.0007	0.0059	-0.0007	-0.0007	-0.0007	-0.0007	0.0014	-0.0007	-0.0007	0.0001	-0.0007	-0.0007	-0.0007	-0.0007	0.0033	0.0000	0.0107
183	0.0001	-0.0003	0.0003	0.0006	0.0055	0.0003	-0.0007	-0.0051	-0.0002	0.0021	0.0007	-0.0007	-0.0007	0.0001	-0.0007	-0.0007	-0.0007	-0.0007	0.0011	0.0000	0.0106
112	-0.0006	-0.0006	0.0057	-0.0006	-0.0006	-0.0006	-0.0006	-0.0006	-0.0006	-0.0006	0.0011	-0.0006	-0.0006	-0.0003	-0.0006	-0.0006	-0.0006	-0.0006	0.0031	0.0000	0.0099
80	0.0005	0.0001	0.0007	0.0011	-0.0007	0.0007	0.0005	0.0032	-0.0007	-0.0009	-0.0007	-0.0007	0.0002	0.0010	-0.0007	-0.0007	-0.0007	-0.0042	0.0019	0.0000	0.0099
86	-0.0006	-0.0006	-0.0006	-0.0006	-0.0006	0.0057	-0.0006	-0.0006	-0.0006	-0.0006	0.0011	-0.0006	-0.0006	-0.0002	-0.0006	-0.0006	-0.0006	-0.0006	0.0030	0.0000	0.0098
6	-0.0004	0.0053	0.0003	0.0013	-0.0008	-0.0021	-0.0003	-0.0007	-0.0007	-0.0007	0.0019	-0.0008	-0.0007	0.0009	-0.0007	-0.0007	-0.0007	-0.0007	0.0002	0.0000	0.0098
172	-0.0006	-0.0006	-0.0006	-0.0005	-0.0006	0.0056	-0.0006	-0.0006	-0.0006	-0.0006	0.0011	-0.0006	-0.0006	-0.0003	-0.0006	-0.0006	-0.0006	-0.0006	0.0031	0.0000	0.0098
17	-0.0007	-0.0007	-0.0003	0.0005	0.0059	-0.0004	-0.0008	-0.0007	-0.0007	-0.0007	0.0010	-0.0007	-0.0007	0.0001	-0.0007	-0.0007	-0.0007	-0.0007	0.0022	0.0000	0.0097
57	0.0008	0.0005	0.0010	0.0013	-0.0011	0.0010	-0.0007	-0.0039	0.0005	0.0027	0.0005	-0.0000	-0.0007	-0.0007	-0.0007	-0.0007	-0.0003	-0.0008	0.0016	0.0000	0.0097
177	-0.0019	-0.0006	0.0003	0.0009	-0.0006	0.0002	-0.0006	-0.0006	-0.0006	-0.0006	0.0013	-0.0006	0.0047	-0.0006	-0.0006	-0.0006	-0.0006	-0.0006	0.0022	0.0000	0.0097
68	-0.0006	-0.0006	0.0053	-0.0006	-0.0006	-0.0006	-0.0006	-0.0006	-0.0006	-0.0006	0.0014	-0.0006	-0.0006	0.0007	-0.0006	-0.0006	-0.0006	-0.0006	0.0023	0.0000	0.0097
137	-0.0006	-0.0006	0.0053	-0.0006	-0.0006	-0.0006	-0.0006	-0.0006	-0.0006	-0.0006	0.0014	-0.0006	-0.0006	0.0007	-0.0006	-0.0006	-0.0006	-0.0006	0.0023	0.0000	0.0097
131	0.0001	-0.0002	0.0004	0.0008	-0.0008	0.0004	-0.0008	0.0039	-0.0002	0.0019	-0.0000	-0.0008	-0.0008	0.0006	-0.0008	-0.0008	-0.0008	-0.0035	0.0014	0.0000	0.0095
161	-0.0006	-0.0006	-0.0005	0.0006	-0.0006	-0.0006	-0.0006	-0.0006	-0.0006	-0.0006	0.0012	-0.0006	0.0048	-0.0006	-0.0006	-0.0006	-0.0006	-0.0006	0.0028	0.0000	0.0095
82	-0.0006	-0.0006	-0.0005	0.0006	-0.0006	-0.0006	-0.0006	-0.0006	-0.0006	-0.0006	0.0012	-0.0006	0.0048	-0.0006	-0.0006	-0.0006	-0.0006	-0.0006	0.0028	0.0000	0.0094
101	-0.0006	-0.0006	-0.0006	0.0002	-0.0006	0.0054	-0.0006	-0.0006	-0.0006	-0.0006	0.0010	-0.0006	-0.0006	-0.0004	-0.0006	-0.0006	-0.0006	-0.0006	0.0029	0.0000	0.0094
107	-0.0005	-0.0013	-0.0007	0.0009	-0.0007	0.0000	-0.0007	-0.0007	-0.0007	-0.0007	0.0014	0.0040	-0.0010	0.0006	-0.0007	-0.0007	-0.0007	-0.0007	0.0025	0.0000	0.0094
181	-0.0006	-0.0002	-0.0006	-0.0006	-0.0006	-0.0006	0.0004	-0.0022	-0.0003	-0.0006	0.0016	-0.0006	-0.0000	0.0011	-0.0006	-0.0006	-0.0006	0.0035	0.0025	0.0000	0.0092
88	0.0004	-0.0000	0.0007	0.0011	-0.0007	0.0006	0.0004	0.0030	-0.0001	-0.0007	-0.0007	-0.0007	0.0001	0.0009	-0.0007	-0.0007	-0.0007	-0.0043	0.0019	0.0000	0.0091
13	-0.0005	-0.0007	-0.0007	0.0008	-0.0007	-0.0000	-0.0012	-0.0007	-0.0007	-0.0007	0.0013	0.0040	-0.0007	0.0005	-0.0007	-0.0007	-0.0007	-0.0007	0.0024	0.0000	0.0090
158	-0.0006	0.0051	0.0000	0.0011	-0.0006	-0.0006	-0.0006	-0.0006	-0.0006	-0.0006	0.0016	-0.0006	-0.0006	0.0006	-0.0006	-0.0006	-0.0006	-0.0006	-0.0001	0.0000	0.0084
102	-0.0006	0.0050	0.0000	0.0011	-0.0006	-0.0006	-0.0005	-0.0006	-0.0006	-0.0006	0.0016	-0.0006	-0.0006	0.0006	-0.0006	-0.0006	-0.0006	-0.0006	-0.0001	0.0000	0.0084
150	-0.0006	0.0050	0.0000	0.0011	-0.0006	-0.0006	-0.0006	-0.0006	-0.0006	-0.0006	0.0016	-0.0006	-0.0006	0.0006	-0.0006	-0.0006	-0.0006	-0.0006	-0.0000	0.0000	0.0083
20	-0.0008	-0.0006	-0.0007	0.0009	-0.0007	-0.0007	0.0001	-0.0007	-0.0007	-0.0007	0.0013	-0.0007	-0.0004	0.0007	-0.0007	-0.0007	-0.0007	0.0033	0.0021	0.0000	0.0083
165	-0.0001	-0.0006	-0.0006	0.0009	-0.0006	0.0002	-0.0006	-0.0006	-0.0006	-0.0006	0.0012	-0.0006	-0.0005	0.0006	-0.0006	-0.0006	-0.0006	-0.0006	0.0021	0.0032	0.0083
49	-0.0006	0.0049	0.0000	0.0010	-0.0006	-0.0006	-0.0006	-0.0006	-0.0006	-0.0006	0.0016	-0.0006	-0.0006	0.0006	-0.0006	-0.0006	-0.0006	-0.0006	0.0001	0.0000	0.0083
93	-0.0001	-0.0006	-0.0006	0.0009	-0.0006	0.0002	-0.0006	-0.0006	-0.0006	-0.0006	0.0012	-0.0006	-0.0005	0.0006	-0.0006	-0.0006	-0.0006	-0.0006	0.0021	0.0032	0.0083
92	-0.0003	-0.0006	-0.0006	0.0008	-0.0006	0.0001	-0.0006	-0.0006	-0.0006	-0.0006	0.0011	0.0037	-0.0006	0.0005	-0.0006	-0.0006	-0.0006	-0.0006	0.0019	0.0000	0.0080
127	-0.0004	-0.0006	0.0001	0.0008	-0.0006	-0.0006	-0.0003	-0.0006	-0.0007	-0.0006	0.0010	-0.0006	-0.0006	0.0005	0.0035	-0.0006	-0.0006	-0.0006	0.0020	0.0000	0.0079
179	-0.0004	-0.0006	0.0001	0.0008	-0.0006	-0.0006	-0.0003	-0.0006	-0.0006	-0.0006	0.0010	-0.0006	-0.0006	0.0005	0.0035	-0.0006	-0.0006	-0.0006	0.0020	0.0000	0.0078
99	-0.0002	-0.0007	0.0002	0.0007	0.0029	0.0001	-0.0001	-0.0007	-0.0007	-0.0007	0.0010	-0.0007	-0.0005	0.0005	-0.0007	-0.0007	-0.0007	-0.0007	0.0017	0.0000	0.0072
25	0.0004	0.0000	0.0006	0.0009	-0.0006	-0.0006	0.0004	-0.0006	-0.0006	-0.0006	-0.0006	-0.0006	0.0002	0.0008	0.0037	-0.0006	-0.0006	-0.0006	-0.0006	0.0000	0.0071
124	0.0000	-0.0005	0.0003	0.0008	-0.0006	-0.0006	-0.0000	-0.0006	-0.0006	-0.0006	-0.0006	-0.0006	-0.0003	0.0005	0.0040	0.0009	-0.0006	-0.0006	0.0001	0.0000	0.0066
167	0.0001	-0.0006	0.0003	0.0005	0.0023	0.0002	0.0001	-0.0006	-0.0002	-0.0006	0.0006	-0.0006	-0.0001	0.0004	-0.0006	-0.0006	-0.0006	-0.0006	0.0010	0.0000	0.0054
70	0.0001	-0.0006	0.0003	0.0005	0.0020	0.0002	0.0002	-0.0006	-0.0001	-0.0006	0.0006	-0.0005	-0.0000	0.0004	-0.0006	-0.0006	-0.0006	-0.0006	0.0009	0.0000	0.0051