# Omega fit to each site after fixing tree and all other parameters.
# Fits compared to null model of omega = 1.
# P-values NOT corrected for multiple testing, so consider Q-values too.
# Q-values computed separately for omega > and < 1 # Will fit different synonymous rate for each site.
#
site	omega	P	dLnL	Q
78	0.000	2.38e-05	8.930	0.00478
59	0.000	0.000102	7.546	0.0103
201	0.000	0.00043	6.199	0.0288
5	0.000	0.00104	5.375	0.0419
192	0.000	0.000848	5.567	0.0419
197	0.000	0.0033	4.318	0.0793
194	0.000	0.00355	4.251	0.0793
65	0.000	0.00345	4.276	0.0793
188	0.000	0.00276	4.480	0.0793
56	0.000	0.0064	3.717	0.109
108	0.080	0.00637	3.721	0.109
187	0.000	0.0065	3.704	0.109
191	0.000	0.0076	3.563	0.117
145	0.091	0.0128	3.095	0.144
37	0.065	0.013	3.083	0.144
39	0.000	0.0143	2.999	0.144
186	0.000	0.0121	3.147	0.144
123	0.000	0.0117	3.181	0.144
62	0.000	0.0138	3.030	0.144
178	0.034	0.0121	3.150	0.144
85	0.000	0.0176	2.819	0.161
73	0.033	0.0177	2.815	0.161
40	0.000	0.0202	2.697	0.17
193	0.000	0.0203	2.694	0.17
75	0.000	0.0218	2.629	0.176
146	0.065	0.0244	2.534	0.188
46	0.000	0.0259	2.483	0.19
200	0.000	0.0307	2.334	0.19
198	0.000	0.0311	2.323	0.19
136	0.000	0.0307	2.335	0.19
138	0.064	0.0305	2.339	0.19
147	0.089	0.0264	2.463	0.19
9	0.120	0.0299	2.356	0.19
60	0.000	0.0327	2.282	0.193
91	0.000	0.0341	2.244	0.196
44	0.000	0.0477	1.961	0.262
77	0.000	0.0482	1.951	0.262
196	0.000	0.0571	1.810	0.294
11	0.000	0.0568	1.815	0.294
27	0.103	0.0674	1.673	0.307
100	0.139	0.0656	1.695	0.307
98	0.000	0.0687	1.657	0.307
149	0.170	0.0664	1.685	0.307
53	0.000	0.0657	1.694	0.307
66	0.000	0.0676	1.670	0.307
97	0.000	0.0717	1.622	0.313
128	0.039	0.0742	1.593	0.317
166	0.000	0.0812	1.520	0.331
189	0.045	0.0814	1.518	0.331
28	0.000	0.084	1.493	0.331
84	0.000	0.0827	1.506	0.331
2	0.000	0.0891	1.445	0.345
26	0.111	0.0957	1.388	0.363
58	0.000	0.102	1.339	0.372
41	0.000	0.101	1.345	0.372
174	0.209	0.106	1.309	0.379
38	0.000	0.116	1.236	0.409
22	0.000	0.12	1.211	0.415
162	0.000	0.129	1.154	0.436
1	0.000	0.13	1.145	0.436
30	0.148	0.133	1.127	0.439
55	0.147	0.137	1.104	0.44
141	0.193	0.138	1.101	0.44
90	0.000	0.147	1.054	0.453
48	0.155	0.146	1.056	0.453
83	0.210	0.158	0.999	0.48
35	0.000	0.166	0.960	0.49
133	0.000	0.165	0.965	0.49
45	0.000	0.169	0.945	0.493
42	0.282	0.172	0.932	0.494
159	0.000	0.18	0.899	0.51
43	0.205	0.194	0.844	0.515
33	0.000	0.188	0.865	0.515
81	0.000	0.197	0.832	0.515
61	0.000	0.191	0.853	0.515
139	0.000	0.195	0.840	0.515
151	0.300	0.186	0.873	0.515
52	0.000	0.207	0.797	0.526
199	0.266	0.204	0.806	0.526
121	0.155	0.225	0.735	0.566
132	0.199	0.228	0.726	0.566
169	0.355	0.238	0.696	0.58
122	0.241	0.239	0.692	0.58
95	0.000	0.247	0.671	0.59
7	0.000	0.254	0.650	0.601
64	0.133	0.258	0.641	0.602
184	0.000	0.265	0.620	0.613
126	0.337	0.275	0.595	0.629
105	0.000	0.292	0.555	0.652
71	0.000	0.29	0.560	0.652
51	0.000	0.305	0.526	0.673
144	0.380	0.326	0.482	0.704
182	0.000	0.329	0.476	0.704
76	0.151	0.328	0.479	0.704
47	0.000	0.34	0.455	0.72
129	0.433	0.347	0.442	0.727
183	0.000	0.378	0.388	0.784
140	0.270	0.404	0.348	0.829
125	0.327	0.43	0.311	0.856
80	0.000	0.433	0.307	0.856
24	0.397	0.427	0.316	0.856
160	0.253	0.434	0.306	0.856
10	0.325	0.471	0.260	0.908
173	0.414	0.475	0.256	0.908
18	0.396	0.47	0.261	0.908
21	0.000	0.481	0.248	0.912
103	0.000	0.511	0.216	0.956
94	0.000	0.514	0.213	0.956
63	0.519	0.528	0.199	0.974
57	0.000	0.535	0.192	0.978
17	0.000	0.55	0.179	0.995
12	0.000	0.556	0.173	0.998
175	2.401	0.402	0.351	1
13	0.000	0.826	0.024	1
190	100.000	0.381	0.384	1
157	0.663	0.893	0.009	1
156	0.556	0.62	0.123	1
155	100.000	0.0297	2.363	1
8	0.000	0.955	0.002	1
158	0.000	0.775	0.041	1
195	0.000	0.956	0.002	1
6	0.000	0.77	0.043	1
153	1.000	1	0.000	1
152	1.312	0.821	0.026	1
4	0.953	0.97	0.001	1
3	0.000	0.958	0.001	1
154	3.078	0.742	0.054	1
14	4.032	0.422	0.322	1
16	100.000	0.0725	1.613	1
176	1.000	1	0.000	1
150	0.000	0.653	0.101	1
172	0.000	0.8	0.032	1
171	19.031	0.0905	1.433	1
170	0.973	0.984	0.000	1
179	0.000	0.849	0.018	1
168	1.931	0.661	0.096	1
167	0.000	0.818	0.026	1
15	2.227	0.475	0.255	1
19	11.887	0.138	1.101	1
164	0.824	0.868	0.014	1
163	4.180	0.418	0.327	1
180	0.000	0.632	0.115	1
181	0.000	0.798	0.033	1
20	0.000	0.875	0.012	1
161	0.000	0.75	0.051	1
185	96.568	0.0291	2.382	1
165	0.000	0.841	0.020	1
177	0.000	0.702	0.073	1
131	0.874	0.918	0.005	1
23	1.000	1	0.000	1
102	0.000	0.792	0.035	1
34	0.000	0.73	0.059	1
99	0.000	0.758	0.047	1
36	2.322	0.51	0.217	1
96	0.000	0.785	0.037	1
93	0.000	0.692	0.078	1
92	0.000	0.808	0.030	1
89	1.000	1	0.000	1
88	1.000	1	0.000	1
87	3.807	0.474	0.256	1
104	0.560	0.637	0.112	1
86	0.000	0.863	0.015	1
79	1.000	1	0.000	1
49	0.000	0.652	0.102	1
50	1.000	1	0.000	1
74	0.000	0.853	0.017	1
72	1.591	0.731	0.059	1
70	0.000	0.719	0.065	1
69	1.019	0.989	0.000	1
68	0.000	0.7	0.074	1
67	1.000	1	0.000	1
54	0.491	0.627	0.118	1
82	0.000	0.81	0.029	1
106	1.000	1	0.000	1
107	0.000	0.645	0.106	1
109	3.006	0.549	0.179	1
25	0.000	0.765	0.045	1
143	0.534	0.599	0.139	1
142	0.715	0.726	0.061	1
29	0.720	0.759	0.047	1
137	0.000	0.717	0.066	1
135	1.331	0.848	0.018	1
134	100.000	0.113	1.253	1
130	100.000	0.378	0.388	1
31	0.000	0.75	0.051	1
127	0.000	0.849	0.018	1
124	0.000	0.732	0.059	1
32	0.000	0.951	0.002	1
120	0.410	0.589	0.146	1
119	100.000	0.0145	2.985	1
118	1.000	1	0.000	1
117	100.000	0.0582	1.794	1
116	0.958	0.964	0.001	1
115	2.297	0.578	0.154	1
114	1.097	0.928	0.004	1
113	1.813	0.637	0.111	1
112	0.000	0.795	0.034	1
111	100.000	0.151	1.031	1
110	0.620	0.727	0.061	1
148	0.962	0.979	0.000	1
101	0.000	0.805	0.030	1