# Differential preferences fit to each site.
# Regularizing prior: ('invquadratic', 150.0, 0.5)
#
site	dpi_A	dpi_C	dpi_D	dpi_E	dpi_F	dpi_G	dpi_H	dpi_I	dpi_K	dpi_L	dpi_M	dpi_N	dpi_P	dpi_Q	dpi_R	dpi_S	dpi_T	dpi_V	dpi_W	dpi_Y	half_sum_abs_dpi
192	0.2413	0.0002	0.0003	0.0030	-0.0029	0.0008	0.0020	-0.0324	0.0011	-0.0268	0.0041	-0.0132	-0.0175	0.0034	-0.0020	-0.0598	-0.0570	-0.0450	0.0056	-0.0052	0.2619
16	-0.0174	-0.0075	0.0168	0.0163	-0.0144	-0.0019	0.0160	-0.0540	0.0489	-0.0114	0.0191	0.0188	-0.0004	0.0173	0.0351	0.0114	-0.1226	0.0117	0.0205	-0.0023	0.2320
163	0.0284	-0.0106	-0.0577	0.0320	-0.0029	0.0128	-0.0427	-0.0152	0.0267	-0.0120	0.0138	-0.0319	-0.0004	0.0241	0.0709	-0.0400	-0.0092	0.0107	0.0027	0.0002	0.2224
168	0.0059	-0.0056	0.0064	0.0092	0.0463	0.0082	-0.0925	-0.0194	0.0046	-0.0231	0.0095	-0.0189	0.0085	0.0322	-0.0061	0.0054	0.0660	0.0017	0.0109	-0.0492	0.2148
197	-0.0079	-0.0070	-0.0054	-0.0045	-0.0151	-0.0055	-0.0099	-0.0152	-0.0064	-0.0316	-0.0043	-0.0079	0.2137	-0.0063	-0.0111	-0.0370	-0.0137	-0.0110	-0.0033	-0.0108	0.2137
172	-0.0114	-0.0050	-0.0084	-0.0052	-0.0067	0.2072	-0.0069	-0.0188	-0.0082	-0.0077	-0.0042	-0.0110	-0.0080	-0.0052	-0.0202	-0.0391	-0.0125	-0.0262	-0.0024	-0.0000	0.2072
114	0.0120	-0.0004	0.0080	0.0166	-0.0184	0.0041	-0.0003	-0.0194	0.0478	0.0358	-0.0137	-0.0049	-0.0043	0.0072	0.0047	0.0430	-0.1234	-0.0015	0.0022	0.0049	0.1864
166	-0.0067	-0.0129	-0.0098	-0.0035	-0.0114	0.1803	-0.0043	-0.0160	-0.0051	-0.0230	-0.0025	-0.0069	-0.0026	-0.0031	-0.0103	-0.0226	-0.0080	-0.0197	-0.0013	-0.0105	0.1803
160	0.0063	0.0065	0.0001	0.0335	0.0125	0.0044	0.0017	-0.0088	0.0305	-0.0154	0.0087	0.0095	0.0062	0.0073	0.0017	-0.0111	0.0018	-0.0147	0.0419	-0.1227	0.1727
115	-0.0435	0.0053	0.0032	0.0311	-0.0059	0.0064	0.0069	-0.0567	0.0028	-0.0219	0.0086	0.0210	-0.0014	0.0550	0.0009	0.0028	-0.0423	0.0157	0.0102	0.0018	0.1717
198	-0.0030	-0.0045	-0.0024	-0.0052	-0.0151	-0.0025	-0.0028	-0.0337	0.1707	-0.0259	-0.0011	-0.0112	-0.0035	-0.0039	-0.0105	-0.0161	-0.0102	-0.0098	0.0004	-0.0094	0.1710
39	-0.0019	-0.0052	-0.0025	-0.0007	-0.0159	-0.0016	-0.0245	-0.0098	-0.0024	-0.0160	-0.0006	-0.0088	-0.0052	-0.0010	-0.0042	-0.0374	-0.0043	-0.0063	0.0003	0.1479	0.1482
109	-0.0002	-0.0120	0.0183	-0.0021	-0.0003	-0.0060	-0.0123	0.0174	0.0174	-0.0087	-0.0106	-0.0257	-0.0057	-0.0089	0.0623	-0.0115	-0.0185	0.0301	-0.0004	-0.0226	0.1455
78	-0.0052	-0.0076	-0.0046	-0.0034	-0.0030	-0.0094	-0.0054	-0.0033	-0.0167	-0.0022	-0.0030	-0.0081	-0.0060	-0.0040	0.1413	-0.0291	-0.0161	-0.0124	-0.0020	0.0001	0.1414
110	0.0000	-0.0043	0.0006	0.0014	-0.0029	0.0030	0.0393	-0.0266	0.0425	-0.0192	0.0046	-0.0306	-0.0042	0.0040	-0.0011	0.0359	-0.0468	-0.0034	0.0070	0.0010	0.1391
201	-0.0058	-0.0025	-0.0006	0.0004	-0.0114	-0.0007	-0.0010	-0.0406	-0.0023	-0.0201	0.0006	-0.0067	-0.0045	0.0001	-0.0046	-0.0245	0.1361	-0.0070	0.0017	-0.0066	0.1388
199	0.0011	-0.0001	0.0016	-0.0011	-0.0152	0.0015	0.0002	-0.0386	0.0399	0.0381	-0.0248	-0.0076	0.0001	0.0450	-0.0073	-0.0120	-0.0058	-0.0138	0.0029	-0.0040	0.1304
35	-0.0005	-0.0002	-0.0002	-0.0002	-0.0768	-0.0002	-0.0002	-0.0092	-0.0002	-0.0329	0.0035	-0.0002	-0.0002	-0.0002	-0.0002	-0.0002	-0.0002	-0.0084	0.0064	0.1200	0.1299
164	-0.0192	-0.0039	0.0362	-0.0021	-0.0014	0.0264	-0.0063	-0.0013	-0.0001	-0.0010	-0.0020	-0.0084	0.0148	0.0029	0.0321	0.0135	-0.0668	-0.0151	0.0011	0.0004	0.1276
37	-0.0080	-0.0044	-0.0049	-0.0081	-0.0108	-0.0143	-0.0034	0.0471	-0.0039	-0.0252	-0.0083	-0.0051	-0.0038	-0.0027	-0.0056	-0.0109	-0.0057	0.0800	-0.0016	-0.0001	0.1270
175	-0.0032	-0.0282	-0.0053	-0.0015	0.0370	-0.0028	0.0747	-0.0022	-0.0040	-0.0185	-0.0011	-0.0087	-0.0004	-0.0024	-0.0077	-0.0256	-0.0071	-0.0047	0.0003	0.0115	0.1235
55	-0.0056	-0.0008	0.0012	0.0024	-0.0112	0.0011	0.0008	0.0482	-0.0006	-0.0206	0.0025	-0.0065	-0.0031	0.0020	-0.0032	-0.0517	0.0545	-0.0078	0.0039	-0.0055	0.1166
32	-0.0070	-0.0009	-0.0113	0.0015	-0.0191	-0.0018	0.0003	-0.0276	-0.0003	-0.0276	0.0017	-0.0017	-0.0004	0.0012	-0.0024	-0.0090	-0.0025	0.1087	0.0026	-0.0044	0.1160
147	-0.0025	-0.0091	-0.0039	0.0012	-0.0121	0.0774	0.0002	-0.0203	-0.0006	-0.0203	0.0022	-0.0051	-0.0005	0.0016	-0.0140	0.0295	-0.0050	-0.0223	0.0036	0.0003	0.1159
169	-0.0100	-0.0047	-0.0023	-0.0013	-0.0028	-0.0024	0.0042	0.0570	-0.0045	-0.0133	-0.0010	-0.0074	-0.0065	0.0402	-0.0099	-0.0288	0.0126	-0.0099	0.0003	-0.0096	0.1143
148	-0.0016	-0.0051	-0.0018	-0.0007	-0.0107	0.0683	-0.0007	-0.0193	0.0000	-0.0200	0.0011	-0.0048	-0.0019	0.0318	-0.0128	-0.0158	0.0073	-0.0096	0.0025	-0.0061	0.1111
56	-0.0023	-0.0039	-0.0016	-0.0022	-0.0005	-0.0016	-0.0020	-0.0103	0.1104	-0.0119	-0.0036	-0.0192	-0.0004	-0.0023	-0.0116	-0.0173	-0.0095	-0.0099	-0.0004	0.0002	0.1107
28	-0.0002	-0.0003	-0.0002	-0.0002	-0.0207	-0.0002	-0.0002	0.1105	-0.0002	-0.0432	-0.0147	-0.0002	-0.0002	-0.0002	-0.0002	-0.0002	-0.0002	-0.0014	-0.0113	-0.0163	0.1105
43	-0.0055	-0.0108	-0.0002	0.0007	0.0526	-0.0003	-0.0006	-0.0103	-0.0013	-0.0290	0.0009	-0.0029	-0.0119	0.0004	-0.0035	0.0533	-0.0116	-0.0061	0.0020	-0.0158	0.1099
2	-0.0003	-0.0015	0.0002	0.0011	-0.0332	0.0001	-0.0001	0.1042	-0.0012	-0.0227	-0.0016	-0.0062	-0.0007	0.0008	-0.0032	-0.0133	-0.0093	-0.0102	0.0023	-0.0051	0.1088
154	-0.0384	-0.0014	-0.0127	0.0252	-0.0060	-0.0161	-0.0002	0.0519	0.0006	-0.0141	0.0019	-0.0010	0.0117	0.0023	-0.0012	0.0074	0.0048	-0.0171	0.0020	0.0002	0.1081
200	-0.0025	-0.0044	-0.0002	0.0006	-0.0273	-0.0003	-0.0005	-0.0099	-0.0012	-0.0173	0.0009	-0.0027	-0.0068	0.0004	-0.0033	0.1026	-0.0092	-0.0058	0.0020	-0.0150	0.1065
129	-0.0422	-0.0033	-0.0032	0.0008	-0.0028	0.0609	-0.0008	-0.0069	0.0002	-0.0010	-0.0006	-0.0020	-0.0015	0.0026	-0.0065	0.0401	-0.0044	-0.0298	0.0003	0.0001	0.1050
61	-0.0013	0.1012	-0.0009	0.0002	-0.0063	-0.0060	-0.0012	-0.0085	-0.0016	-0.0140	0.0000	-0.0023	-0.0018	-0.0001	-0.0053	-0.0272	-0.0040	-0.0059	-0.0055	-0.0096	0.1013
126	-0.0037	-0.0140	-0.0021	-0.0021	0.0281	-0.0033	-0.0040	-0.0267	-0.0036	0.0347	-0.0020	-0.0048	-0.0003	-0.0023	-0.0067	-0.0106	-0.0055	0.0381	-0.0011	-0.0080	0.1009
87	-0.0061	-0.0035	0.0093	0.0213	-0.0125	-0.0046	-0.0025	-0.0126	0.0562	-0.0191	0.0127	-0.0037	-0.0028	-0.0027	-0.0059	-0.0105	-0.0054	-0.0007	-0.0004	-0.0067	0.0995
188	-0.0034	-0.0045	-0.0020	-0.0012	-0.0051	-0.0030	-0.0038	-0.0061	-0.0037	0.0989	-0.0018	-0.0053	-0.0085	-0.0094	-0.0085	-0.0144	-0.0060	-0.0113	-0.0009	0.0000	0.0989
111	0.0012	-0.0004	0.0022	0.0021	-0.0133	-0.0004	0.0050	-0.0072	0.0662	-0.0557	-0.0008	-0.0011	-0.0004	0.0116	-0.0011	-0.0149	-0.0027	0.0076	0.0018	0.0001	0.0978
174	-0.0046	-0.0044	-0.0045	0.0008	-0.0026	0.0530	-0.0014	-0.0151	-0.0021	-0.0261	0.0013	0.0391	-0.0021	0.0005	-0.0119	-0.0098	-0.0062	-0.0065	0.0023	0.0001	0.0972
54	0.0321	-0.0004	-0.0004	0.0038	-0.0090	0.0008	-0.0040	-0.0091	0.0015	-0.0320	0.0041	-0.0003	0.0440	0.0035	-0.0029	-0.0141	-0.0163	-0.0077	0.0054	0.0009	0.0961
159	-0.0007	-0.0076	-0.0056	0.0005	-0.0186	-0.0016	-0.0034	-0.0089	-0.0012	-0.0154	0.0007	-0.0085	-0.0011	0.0003	-0.0031	-0.0116	-0.0033	-0.0053	0.0016	0.0927	0.0959
171	-0.0107	-0.0061	0.0234	-0.0006	-0.0132	-0.0042	-0.0037	0.0029	-0.0063	-0.0255	0.0004	-0.0015	-0.0024	-0.0003	-0.0060	0.0124	0.0092	0.0450	0.0017	-0.0144	0.0950
119	-0.0007	-0.0180	-0.0013	0.0008	0.0634	-0.0003	0.0264	-0.0128	-0.0014	-0.0097	0.0010	-0.0083	-0.0012	0.0006	-0.0039	-0.0162	-0.0040	-0.0069	0.0022	-0.0097	0.0944
153	-0.0007	-0.0016	0.0007	0.0008	-0.0098	-0.0001	-0.0072	0.0359	-0.0022	-0.0409	0.0004	-0.0026	-0.0065	0.0303	-0.0067	-0.0112	-0.0046	0.0233	0.0025	0.0002	0.0941
125	-0.0045	-0.0060	-0.0042	-0.0028	-0.0016	-0.0048	-0.0058	0.0026	-0.0044	0.0199	-0.0076	-0.0057	-0.0097	-0.0002	0.0027	-0.0092	-0.0107	-0.0164	0.0565	0.0117	0.0934
196	-0.0040	-0.0027	-0.0003	-0.0049	-0.0030	0.0867	-0.0004	-0.0004	-0.0013	-0.0149	0.0020	-0.0030	-0.0008	0.0012	-0.0238	-0.0148	-0.0041	-0.0145	0.0019	0.0013	0.0930
116	-0.0168	0.0059	-0.0010	0.0017	-0.0133	0.0162	0.0006	-0.0117	-0.0002	-0.0128	0.0025	-0.0032	-0.0027	0.0019	-0.0062	0.0599	-0.0100	-0.0149	0.0039	0.0003	0.0929
26	-0.0032	-0.0043	-0.0028	-0.0033	-0.0003	-0.0003	-0.0032	-0.0326	0.0258	0.0463	0.0207	-0.0011	-0.0003	-0.0047	-0.0081	-0.0106	-0.0081	-0.0095	-0.0003	-0.0000	0.0928
145	0.0208	-0.0015	-0.0011	0.0009	-0.0094	-0.0006	-0.0019	-0.0091	-0.0008	-0.0300	0.0013	-0.0039	0.0235	-0.0004	-0.0071	0.0440	-0.0147	-0.0089	-0.0008	-0.0004	0.0905
194	-0.0099	-0.0002	-0.0099	-0.0002	-0.0002	-0.0068	-0.0002	-0.0208	-0.0002	-0.0194	-0.0002	-0.0002	-0.0005	-0.0002	-0.0207	-0.0002	-0.0002	0.0903	-0.0002	-0.0000	0.0903
190	0.0633	0.0007	0.0031	0.0008	-0.0106	0.0116	0.0026	-0.0072	0.0016	-0.0116	0.0047	-0.0005	-0.0002	-0.0004	-0.0019	-0.0204	-0.0103	-0.0258	-0.0004	0.0010	0.0893
152	-0.0187	-0.0074	-0.0039	0.0004	-0.0044	0.0098	-0.0042	-0.0014	-0.0035	-0.0023	-0.0013	-0.0030	0.0599	-0.0026	-0.0101	0.0173	-0.0230	-0.0013	-0.0004	0.0000	0.0875
117	-0.0005	-0.0061	0.0017	0.0027	-0.0103	0.0180	0.0010	-0.0121	-0.0002	-0.0199	0.0032	0.0574	0.0007	0.0026	-0.0064	-0.0107	-0.0028	-0.0120	-0.0004	-0.0059	0.0873
128	0.0009	-0.0008	0.0005	0.0007	-0.0019	0.0011	0.0442	-0.0107	0.0125	-0.0088	-0.0014	-0.0084	-0.0024	-0.0310	0.0231	-0.0118	-0.0037	-0.0056	0.0031	0.0004	0.0865
156	0.0002	-0.0018	0.0009	0.0019	0.0299	0.0007	-0.0045	-0.0373	-0.0002	-0.0008	0.0020	-0.0019	0.0474	-0.0004	-0.0064	-0.0121	-0.0030	-0.0117	0.0032	-0.0062	0.0862
9	-0.0039	-0.0004	-0.0033	-0.0016	-0.0143	0.0569	-0.0009	-0.0024	-0.0023	-0.0046	0.0013	0.0257	-0.0016	0.0006	-0.0172	-0.0143	-0.0054	-0.0053	0.0017	-0.0085	0.0860
155	0.0332	-0.0150	-0.0088	0.0090	-0.0006	-0.0052	-0.0005	-0.0007	-0.0053	-0.0015	-0.0026	-0.0072	-0.0067	0.0275	0.0155	-0.0204	-0.0090	-0.0010	-0.0009	0.0000	0.0853
83	0.0713	-0.0048	-0.0005	-0.0006	-0.0150	0.0130	-0.0030	-0.0003	-0.0041	-0.0249	-0.0013	-0.0065	-0.0003	-0.0018	-0.0118	-0.0064	-0.0005	-0.0003	-0.0003	-0.0019	0.0844
149	-0.0036	-0.0024	0.0000	0.0011	-0.0050	-0.0001	-0.0041	-0.0187	-0.0021	-0.0300	-0.0006	-0.0034	0.0016	0.0007	-0.0067	0.0243	0.0555	-0.0068	-0.0004	0.0007	0.0839
46	-0.0009	0.0025	0.0042	0.0051	-0.0056	0.0041	0.0038	-0.0383	0.0007	-0.0131	0.0053	-0.0058	-0.0004	0.0048	-0.0012	-0.0153	0.0467	-0.0016	0.0064	-0.0014	0.0834
33	0.0496	0.0018	-0.0003	-0.0003	-0.0154	0.0021	0.0047	-0.0018	-0.0003	-0.0353	0.0078	-0.0003	-0.0006	0.0068	-0.0003	-0.0025	-0.0025	-0.0237	0.0099	0.0006	0.0833
140	0.0001	-0.0000	-0.0014	0.0026	-0.0021	0.0019	-0.0008	-0.0174	-0.0039	-0.0179	0.0032	0.0508	-0.0009	0.0024	-0.0018	-0.0170	0.0154	-0.0045	0.0046	-0.0131	0.0810
195	0.0025	0.0614	0.0031	-0.0004	-0.0140	0.0014	-0.0004	-0.0088	0.0018	-0.0179	0.0044	-0.0000	0.0020	0.0038	-0.0066	-0.0175	-0.0010	-0.0004	-0.0022	-0.0110	0.0804
29	-0.0020	0.0047	-0.0003	0.0007	-0.0228	-0.0034	-0.0005	-0.0045	-0.0014	-0.0006	0.0009	-0.0078	-0.0077	0.0005	-0.0100	0.0713	-0.0045	-0.0064	0.0018	-0.0081	0.0799
120	-0.0013	-0.0009	-0.0031	0.0177	-0.0051	0.0441	-0.0042	-0.0104	-0.0040	-0.0125	0.0013	0.0132	-0.0014	0.0002	-0.0051	-0.0148	-0.0070	-0.0096	0.0027	0.0004	0.0796
53	-0.0047	-0.0089	0.0020	0.0011	-0.0004	-0.0004	-0.0011	-0.0096	-0.0017	-0.0189	-0.0000	-0.0018	-0.0130	0.0002	-0.0036	0.0762	-0.0091	-0.0058	-0.0004	0.0000	0.0795
122	-0.0028	-0.0078	-0.0031	-0.0020	0.0057	-0.0025	-0.0032	0.0251	0.0043	0.0098	-0.0042	-0.0077	-0.0004	-0.0024	-0.0058	-0.0166	-0.0058	-0.0133	-0.0018	0.0343	0.0792
64	0.0020	-0.0016	-0.0037	0.0035	-0.0074	-0.0006	0.0008	-0.0150	-0.0093	-0.0119	0.0037	0.0311	0.0016	0.0032	-0.0158	0.0285	-0.0028	-0.0034	0.0048	-0.0077	0.0791
36	0.0157	-0.0004	-0.0001	-0.0006	0.0548	-0.0028	-0.0035	-0.0099	-0.0033	-0.0254	-0.0017	-0.0042	-0.0011	-0.0014	-0.0055	0.0087	-0.0091	-0.0090	-0.0011	0.0000	0.0791
5	0.0007	-0.0004	0.0012	0.0020	-0.0320	0.0011	-0.0008	-0.0122	0.0002	0.0703	-0.0007	-0.0012	-0.0021	-0.0001	-0.0044	-0.0106	-0.0020	-0.0077	0.0027	-0.0039	0.0780
62	0.0022	-0.0020	-0.0003	-0.0003	0.0629	-0.0008	-0.0032	-0.0123	-0.0003	-0.0325	0.0039	-0.0010	0.0017	-0.0006	-0.0003	-0.0087	-0.0010	-0.0053	0.0050	-0.0069	0.0757
73	-0.0076	-0.0003	-0.0003	-0.0009	-0.0003	-0.0021	-0.0003	-0.0002	0.0163	-0.0003	-0.0073	-0.0201	-0.0005	-0.0104	-0.0070	-0.0177	0.0593	-0.0003	-0.0003	-0.0000	0.0756
100	-0.0013	-0.0020	-0.0004	-0.0004	-0.0078	-0.0004	-0.0011	-0.0156	-0.0050	0.0177	-0.0237	-0.0016	-0.0004	-0.0004	-0.0047	-0.0010	0.0575	-0.0053	0.0002	-0.0045	0.0754
7	-0.0060	-0.0031	-0.0007	-0.0000	-0.0005	-0.0013	-0.0040	-0.0003	-0.0023	-0.0010	-0.0015	-0.0037	0.0750	-0.0006	-0.0099	-0.0289	-0.0107	-0.0003	-0.0003	0.0000	0.0750
27	0.0012	-0.0084	0.0017	0.0026	-0.0005	-0.0004	-0.0001	-0.0132	0.0136	-0.0171	0.0029	-0.0012	-0.0042	0.0018	0.0465	-0.0209	-0.0039	-0.0047	0.0040	0.0004	0.0748
10	-0.0023	-0.0007	-0.0033	0.0096	-0.0003	-0.0049	-0.0026	-0.0025	-0.0080	-0.0073	0.0031	-0.0049	-0.0020	0.0607	-0.0031	-0.0219	-0.0067	-0.0025	-0.0003	0.0000	0.0734
132	-0.0012	-0.0026	-0.0010	-0.0014	-0.0049	-0.0016	-0.0011	-0.0041	0.0028	-0.0222	-0.0003	0.0443	-0.0005	-0.0015	0.0258	-0.0138	-0.0084	-0.0079	-0.0004	0.0003	0.0731
173	-0.0046	-0.0011	-0.0038	0.0011	-0.0159	-0.0095	0.0001	0.0563	-0.0008	-0.0175	0.0006	-0.0026	-0.0004	0.0009	-0.0027	-0.0090	-0.0036	0.0098	0.0022	0.0004	0.0715
108	-0.0315	-0.0004	-0.0002	-0.0005	-0.0002	-0.0024	-0.0002	0.0443	-0.0002	-0.0002	-0.0002	-0.0002	-0.0002	-0.0002	-0.0002	-0.0339	0.0266	-0.0002	-0.0002	-0.0000	0.0708
130	0.0021	0.0008	0.0012	-0.0019	-0.0097	-0.0019	0.0019	-0.0090	0.0265	-0.0158	-0.0056	0.0348	0.0017	0.0006	-0.0031	-0.0095	-0.0036	-0.0035	-0.0006	-0.0054	0.0696
151	-0.0051	-0.0028	-0.0011	0.0012	-0.0174	-0.0006	-0.0012	-0.0027	-0.0035	-0.0168	0.0017	0.0184	-0.0012	0.0006	-0.0040	0.0430	-0.0062	-0.0064	0.0031	0.0008	0.0688
59	-0.0050	-0.0013	0.0600	-0.0006	-0.0059	-0.0049	-0.0020	-0.0004	-0.0005	-0.0014	0.0026	-0.0101	-0.0004	0.0017	-0.0036	-0.0137	-0.0039	-0.0006	0.0041	-0.0143	0.0684
185	-0.0002	-0.0002	-0.0002	-0.0002	-0.0202	-0.0002	-0.0002	-0.0027	-0.0002	-0.0252	-0.0163	-0.0002	-0.0002	-0.0002	-0.0002	-0.0002	-0.0002	-0.0003	-0.0010	0.0678	0.0678
187	-0.0004	-0.0014	0.0002	0.0009	-0.0019	0.0000	-0.0077	-0.0135	-0.0007	0.0645	0.0006	-0.0021	-0.0064	-0.0000	-0.0061	-0.0104	-0.0027	-0.0143	0.0011	0.0004	0.0677
141	-0.0069	-0.0042	0.0076	0.0133	-0.0052	-0.0045	-0.0017	-0.0036	-0.0046	-0.0020	-0.0066	-0.0029	-0.0030	-0.0007	-0.0055	-0.0112	-0.0044	0.0465	-0.0004	0.0001	0.0674
4	-0.0010	-0.0028	-0.0033	0.0009	-0.0013	-0.0005	0.0013	-0.0052	-0.0052	-0.0041	0.0009	0.0289	-0.0023	0.0321	-0.0053	-0.0208	-0.0069	-0.0085	0.0026	0.0004	0.0671
48	0.0022	0.0008	0.0028	0.0012	-0.0003	-0.0003	0.0005	-0.0102	0.0262	-0.0156	-0.0081	-0.0090	-0.0003	0.0331	-0.0026	-0.0096	-0.0062	-0.0041	-0.0003	0.0000	0.0667
170	-0.0032	-0.0012	0.0011	0.0021	-0.0120	0.0009	0.0006	-0.0096	-0.0003	-0.0193	0.0023	-0.0056	-0.0009	0.0018	-0.0029	0.0158	0.0381	-0.0056	0.0036	-0.0058	0.0664
189	0.0005	-0.0009	-0.0007	-0.0004	-0.0032	0.0011	0.0410	-0.0029	-0.0004	-0.0083	-0.0004	0.0167	-0.0001	0.0017	-0.0031	-0.0160	-0.0054	-0.0059	0.0039	-0.0174	0.0650
84	-0.0013	-0.0029	-0.0003	-0.0026	-0.0003	-0.0007	-0.0006	-0.0024	-0.0127	-0.0004	0.0010	-0.0003	-0.0003	0.0626	-0.0092	-0.0153	-0.0053	-0.0086	-0.0003	0.0000	0.0636
191	-0.0003	-0.0043	-0.0012	-0.0003	-0.0034	-0.0018	-0.0054	-0.0006	-0.0036	-0.0003	-0.0003	0.0020	0.0611	-0.0007	-0.0078	-0.0208	-0.0095	-0.0025	-0.0003	0.0000	0.0631
135	-0.0036	-0.0004	-0.0089	-0.0170	-0.0002	0.0618	-0.0050	-0.0002	-0.0002	-0.0002	-0.0006	-0.0009	-0.0002	-0.0207	-0.0002	-0.0004	-0.0027	-0.0002	-0.0002	-0.0000	0.0618
157	-0.0001	-0.0027	-0.0018	0.0021	-0.0052	0.0174	-0.0044	-0.0004	-0.0076	-0.0178	0.0027	0.0336	-0.0004	0.0016	-0.0050	-0.0031	-0.0130	-0.0004	0.0043	0.0001	0.0618
42	0.0159	-0.0007	-0.0028	-0.0030	-0.0071	-0.0032	-0.0025	-0.0030	-0.0064	-0.0035	-0.0021	-0.0011	-0.0068	-0.0042	-0.0060	0.0308	0.0146	-0.0078	-0.0010	-0.0000	0.0612
97	0.0007	-0.0021	0.0372	-0.0003	-0.0077	-0.0066	0.0006	-0.0062	0.0024	-0.0135	0.0048	-0.0039	0.0027	0.0042	0.0003	-0.0067	0.0002	-0.0124	0.0059	0.0003	0.0594
138	-0.0008	-0.0017	-0.0005	-0.0002	0.0096	-0.0017	-0.0018	0.0064	-0.0018	0.0400	-0.0029	-0.0063	-0.0021	0.0000	-0.0036	-0.0184	-0.0059	-0.0080	-0.0004	0.0000	0.0560
85	-0.0071	-0.0006	0.0003	0.0014	-0.0009	0.0001	0.0012	-0.0079	-0.0016	-0.0007	0.0016	-0.0070	-0.0012	0.0015	-0.0034	-0.0179	0.0490	-0.0066	-0.0003	0.0001	0.0553
24	-0.0028	-0.0003	-0.0011	-0.0056	-0.0003	-0.0007	-0.0029	-0.0003	-0.0047	-0.0003	-0.0003	0.0540	-0.0003	-0.0062	-0.0062	-0.0133	-0.0072	-0.0015	-0.0003	-0.0000	0.0540
60	0.0016	0.0006	0.0019	0.0026	-0.0153	0.0018	-0.0018	-0.0110	0.0012	0.0358	0.0024	0.0000	-0.0004	0.0021	-0.0065	-0.0081	-0.0006	-0.0070	0.0027	-0.0021	0.0528
1	0.0020	-0.0007	-0.0017	0.0039	-0.0095	0.0026	-0.0017	-0.0047	-0.0026	-0.0075	0.0042	0.0291	0.0015	0.0036	-0.0014	-0.0144	-0.0039	-0.0045	0.0056	0.0001	0.0526
3	-0.0026	-0.0028	0.0021	0.0030	-0.0034	0.0019	0.0017	-0.0018	-0.0017	-0.0150	0.0032	-0.0005	-0.0010	0.0027	-0.0049	-0.0110	0.0331	-0.0036	0.0042	-0.0034	0.0518
40	-0.0005	-0.0004	-0.0031	0.0013	-0.0010	-0.0001	-0.0023	-0.0004	-0.0050	-0.0052	0.0016	0.0449	-0.0010	0.0009	-0.0041	-0.0180	-0.0103	-0.0004	0.0029	0.0001	0.0518
142	0.0014	0.0010	0.0022	0.0029	-0.0210	0.0021	-0.0034	0.0116	0.0010	-0.0113	0.0023	-0.0040	0.0171	0.0026	-0.0020	-0.0059	0.0025	-0.0036	0.0037	0.0009	0.0513
63	-0.0017	-0.0034	0.0010	0.0019	-0.0004	-0.0008	0.0006	-0.0165	-0.0004	-0.0108	0.0022	-0.0054	-0.0004	0.0015	-0.0052	0.0414	0.0007	-0.0048	-0.0004	0.0007	0.0501
186	-0.0004	-0.0003	-0.0057	0.0418	-0.0003	-0.0014	-0.0002	-0.0003	-0.0098	-0.0003	-0.0003	-0.0049	-0.0014	0.0012	-0.0062	-0.0107	-0.0058	-0.0003	0.0050	0.0000	0.0480
41	-0.0004	-0.0011	0.0024	0.0033	-0.0080	0.0023	0.0021	-0.0058	0.0015	-0.0135	0.0035	0.0001	-0.0034	0.0030	-0.0006	0.0218	-0.0030	-0.0029	0.0045	-0.0057	0.0445
66	0.0020	-0.0029	-0.0007	0.0031	-0.0089	0.0023	-0.0062	-0.0053	0.0016	-0.0110	0.0033	-0.0025	0.0017	0.0029	-0.0003	-0.0033	-0.0003	-0.0021	0.0041	0.0224	0.0434
30	-0.0008	-0.0015	0.0007	0.0029	-0.0114	0.0007	-0.0012	-0.0003	-0.0139	-0.0011	0.0037	0.0271	-0.0003	0.0030	-0.0024	-0.0095	-0.0006	-0.0003	0.0051	0.0000	0.0431
58	0.0012	-0.0010	-0.0003	0.0030	-0.0006	0.0017	-0.0007	-0.0017	-0.0045	-0.0029	0.0033	0.0300	0.0006	0.0026	-0.0025	-0.0157	-0.0066	-0.0053	-0.0005	0.0000	0.0424
144	-0.0034	-0.0019	-0.0036	-0.0017	-0.0003	-0.0011	0.0002	-0.0006	-0.0036	-0.0003	-0.0007	0.0098	-0.0052	0.0048	-0.0156	0.0075	-0.0037	0.0060	0.0045	0.0090	0.0419
18	0.0350	-0.0004	-0.0000	-0.0052	-0.0004	-0.0024	-0.0017	-0.0002	-0.0030	-0.0002	-0.0003	-0.0036	0.0025	0.0002	-0.0003	-0.0225	-0.0004	-0.0002	0.0031	0.0001	0.0408
143	0.0015	-0.0027	-0.0004	0.0025	0.0240	0.0017	-0.0005	-0.0065	0.0010	-0.0154	0.0027	-0.0055	0.0011	0.0023	-0.0010	-0.0033	-0.0008	-0.0028	0.0035	-0.0014	0.0404
75	0.0009	0.0015	0.0171	0.0015	-0.0072	-0.0029	-0.0003	-0.0049	0.0023	-0.0068	0.0053	-0.0035	-0.0003	0.0046	-0.0006	-0.0102	-0.0008	-0.0025	0.0067	0.0002	0.0401
146	0.0158	-0.0007	0.0230	-0.0001	-0.0003	-0.0042	-0.0039	-0.0003	-0.0036	-0.0003	-0.0011	-0.0060	-0.0009	-0.0024	-0.0058	-0.0022	-0.0075	-0.0006	0.0006	0.0007	0.0401
184	-0.0050	-0.0037	-0.0003	-0.0003	-0.0021	-0.0001	-0.0003	-0.0079	-0.0008	-0.0045	0.0010	-0.0020	-0.0003	0.0006	-0.0025	0.0358	-0.0045	-0.0048	0.0017	0.0002	0.0392
98	-0.0043	-0.0003	0.0345	-0.0035	-0.0003	-0.0045	-0.0029	-0.0005	0.0005	-0.0006	-0.0004	-0.0029	0.0006	0.0026	-0.0023	-0.0114	-0.0025	-0.0016	-0.0003	0.0000	0.0381
118	0.0010	-0.0004	-0.0003	0.0025	-0.0007	0.0013	-0.0005	-0.0004	-0.0104	-0.0004	0.0028	0.0262	0.0005	0.0022	-0.0023	-0.0123	-0.0036	-0.0052	-0.0004	0.0001	0.0367
44	0.0013	-0.0003	0.0018	0.0026	0.0163	0.0017	0.0014	-0.0131	0.0008	-0.0076	0.0028	-0.0007	0.0009	0.0024	-0.0005	-0.0016	-0.0015	-0.0052	0.0039	-0.0053	0.0359
104	-0.0002	-0.0008	-0.0002	-0.0002	-0.0092	-0.0002	-0.0002	0.0020	-0.0002	0.0338	-0.0046	-0.0002	-0.0002	-0.0002	-0.0002	-0.0002	-0.0002	-0.0096	-0.0023	-0.0063	0.0358
113	-0.0120	0.0018	-0.0009	-0.0005	-0.0011	0.0007	-0.0009	-0.0002	-0.0004	-0.0013	0.0011	-0.0017	0.0016	0.0007	0.0030	0.0216	-0.0023	-0.0112	0.0019	0.0001	0.0325
90	-0.0014	-0.0005	0.0173	0.0000	-0.0006	-0.0003	-0.0005	-0.0003	0.0006	-0.0019	0.0042	-0.0053	-0.0003	0.0032	-0.0031	-0.0150	-0.0019	-0.0003	0.0059	0.0000	0.0312
123	0.0006	-0.0021	-0.0003	0.0016	-0.0088	0.0009	-0.0053	-0.0003	0.0002	-0.0005	0.0018	-0.0003	0.0003	0.0014	-0.0015	-0.0091	-0.0003	-0.0026	0.0026	0.0215	0.0309
22	0.0188	-0.0008	-0.0004	0.0016	-0.0022	-0.0039	0.0008	-0.0003	-0.0000	-0.0011	0.0029	-0.0020	-0.0003	0.0022	-0.0029	-0.0153	-0.0011	-0.0003	0.0042	0.0003	0.0308
65	-0.0034	-0.0002	-0.0003	-0.0003	-0.0016	-0.0027	-0.0003	-0.0052	-0.0003	-0.0115	0.0006	-0.0003	-0.0003	-0.0003	-0.0003	-0.0003	-0.0016	0.0263	0.0017	0.0000	0.0286
8	-0.0002	-0.0002	-0.0002	0.0014	0.0221	-0.0002	-0.0002	-0.0086	-0.0002	-0.0104	0.0015	-0.0002	-0.0002	0.0013	-0.0002	-0.0002	-0.0002	-0.0003	0.0021	-0.0066	0.0285
193	0.0007	-0.0003	-0.0003	-0.0003	-0.0041	-0.0003	-0.0003	-0.0170	-0.0003	-0.0003	-0.0003	0.0008	-0.0010	-0.0003	-0.0008	-0.0007	0.0204	-0.0009	0.0056	-0.0006	0.0275
31	0.0014	0.0084	0.0021	0.0032	-0.0049	-0.0013	0.0016	-0.0056	0.0007	-0.0023	0.0035	-0.0013	0.0008	0.0029	-0.0012	-0.0042	-0.0023	-0.0042	0.0027	0.0000	0.0274
81	0.0096	-0.0005	-0.0002	0.0015	-0.0002	0.0006	-0.0002	-0.0002	0.0006	-0.0002	0.0044	-0.0002	-0.0002	0.0034	-0.0034	-0.0202	-0.0005	-0.0006	0.0063	0.0000	0.0265
52	-0.0005	0.0002	-0.0003	-0.0003	-0.0062	-0.0003	0.0010	-0.0064	-0.0003	-0.0103	0.0009	-0.0003	-0.0003	0.0015	-0.0003	-0.0003	-0.0008	0.0202	0.0024	0.0001	0.0263
11	-0.0002	-0.0002	-0.0002	-0.0002	-0.0018	-0.0002	-0.0002	-0.0059	-0.0002	-0.0132	-0.0015	-0.0002	-0.0002	-0.0002	-0.0002	-0.0002	-0.0002	0.0257	-0.0010	0.0000	0.0257
121	-0.0002	-0.0012	-0.0002	0.0006	0.0183	0.0000	-0.0019	-0.0072	-0.0005	-0.0111	0.0007	-0.0003	-0.0005	0.0004	-0.0002	-0.0005	-0.0002	-0.0005	0.0013	0.0033	0.0246
91	0.0010	-0.0010	-0.0002	0.0019	-0.0059	0.0012	-0.0028	-0.0013	0.0007	-0.0091	0.0020	-0.0022	0.0007	0.0017	-0.0002	-0.0002	-0.0002	-0.0002	0.0027	0.0115	0.0233
67	0.0171	0.0016	-0.0002	-0.0002	-0.0004	-0.0002	-0.0002	-0.0038	-0.0002	-0.0086	-0.0002	-0.0002	-0.0002	-0.0002	-0.0002	-0.0002	-0.0003	-0.0074	0.0042	0.0000	0.0229
47	-0.0002	0.0011	-0.0002	-0.0002	0.0088	-0.0002	-0.0002	-0.0030	-0.0002	-0.0163	0.0054	-0.0002	-0.0002	-0.0002	-0.0002	-0.0002	-0.0004	0.0006	0.0061	0.0000	0.0220
23	-0.0001	-0.0001	-0.0001	-0.0001	-0.0196	-0.0001	-0.0001	-0.0001	-0.0001	-0.0001	-0.0001	-0.0001	-0.0001	-0.0001	-0.0001	-0.0001	-0.0001	-0.0001	0.0217	0.0000	0.0217
105	0.0107	-0.0002	-0.0002	-0.0002	-0.0002	-0.0005	-0.0002	-0.0002	-0.0002	-0.0002	0.0041	-0.0002	-0.0002	-0.0002	-0.0002	-0.0117	-0.0057	-0.0002	0.0054	0.0000	0.0201
178	-0.0023	-0.0023	-0.0002	-0.0002	0.0122	-0.0002	-0.0030	-0.0002	-0.0002	-0.0002	-0.0007	-0.0027	-0.0002	-0.0005	-0.0002	-0.0003	-0.0025	-0.0027	0.0004	0.0063	0.0188
134	0.0004	-0.0001	-0.0003	0.0015	0.0059	0.0007	-0.0009	-0.0003	-0.0000	-0.0068	0.0017	-0.0032	0.0001	0.0013	-0.0007	-0.0059	-0.0004	-0.0003	0.0026	0.0046	0.0188
89	0.0087	0.0016	-0.0001	-0.0001	-0.0001	-0.0001	-0.0001	-0.0001	-0.0001	-0.0001	-0.0001	-0.0001	0.0012	-0.0001	-0.0001	-0.0131	-0.0031	-0.0004	0.0069	0.0000	0.0184
51	-0.0002	-0.0002	-0.0002	-0.0002	-0.0002	0.0169	-0.0018	-0.0002	-0.0022	-0.0002	-0.0001	-0.0013	-0.0002	-0.0007	-0.0058	-0.0038	-0.0002	-0.0002	0.0011	0.0000	0.0180
176	-0.0010	-0.0002	0.0001	0.0007	-0.0002	-0.0001	-0.0067	-0.0002	-0.0003	-0.0002	0.0027	-0.0057	-0.0002	0.0091	-0.0002	-0.0022	-0.0002	-0.0002	0.0050	0.0000	0.0176
45	-0.0021	-0.0020	0.0004	0.0013	-0.0003	0.0003	0.0001	-0.0003	-0.0006	-0.0003	-0.0008	-0.0021	-0.0016	0.0010	-0.0013	0.0143	-0.0054	-0.0003	-0.0003	0.0000	0.0174
21	0.0009	-0.0002	-0.0002	0.0020	-0.0114	0.0012	-0.0009	-0.0002	0.0005	-0.0002	0.0022	-0.0002	0.0006	0.0018	-0.0002	-0.0003	-0.0012	-0.0020	0.0030	0.0047	0.0167
38	0.0007	-0.0002	0.0009	0.0013	-0.0057	0.0008	-0.0002	-0.0042	0.0005	0.0082	0.0013	-0.0002	-0.0002	-0.0002	-0.0002	-0.0002	-0.0002	-0.0038	0.0018	0.0000	0.0154
150	0.0004	0.0060	0.0010	0.0022	-0.0002	-0.0014	0.0006	-0.0024	-0.0003	-0.0011	0.0025	-0.0022	-0.0001	0.0019	-0.0011	-0.0011	-0.0033	-0.0013	-0.0002	0.0000	0.0146
158	0.0002	0.0057	0.0008	0.0020	-0.0002	-0.0018	0.0004	-0.0002	-0.0005	-0.0004	0.0023	-0.0025	-0.0003	0.0017	-0.0022	-0.0042	-0.0017	-0.0003	0.0014	0.0000	0.0145
79	-0.0002	-0.0012	-0.0002	0.0015	-0.0002	-0.0002	-0.0019	-0.0002	-0.0021	-0.0002	0.0009	-0.0053	-0.0002	0.0115	-0.0002	-0.0014	-0.0002	-0.0002	-0.0002	0.0000	0.0139
50	0.0001	-0.0002	-0.0002	0.0013	-0.0106	0.0005	-0.0002	-0.0002	-0.0002	-0.0002	0.0015	-0.0002	-0.0002	0.0011	-0.0002	-0.0002	-0.0002	-0.0002	0.0024	0.0057	0.0127
74	-0.0018	-0.0003	-0.0006	-0.0003	-0.0002	0.0076	-0.0003	-0.0002	-0.0014	-0.0002	0.0022	-0.0004	-0.0002	0.0014	-0.0004	-0.0048	-0.0002	-0.0002	-0.0002	0.0000	0.0113
34	-0.0003	-0.0026	0.0066	-0.0034	-0.0001	-0.0003	-0.0001	-0.0001	-0.0017	-0.0001	-0.0001	-0.0012	-0.0001	0.0011	-0.0003	-0.0004	-0.0001	-0.0001	0.0035	0.0000	0.0112
14	-0.0059	-0.0001	-0.0001	-0.0001	-0.0002	-0.0001	-0.0001	0.0056	-0.0005	-0.0002	-0.0001	-0.0004	-0.0001	-0.0024	-0.0002	-0.0006	0.0031	0.0026	-0.0000	-0.0000	0.0112
6	0.0001	0.0051	0.0005	0.0012	-0.0023	-0.0006	0.0002	-0.0003	-0.0001	-0.0004	0.0014	-0.0017	-0.0001	0.0010	-0.0001	-0.0015	-0.0020	-0.0008	0.0005	0.0000	0.0100
94	-0.0010	-0.0004	-0.0001	-0.0001	-0.0001	-0.0001	-0.0001	-0.0001	0.0064	-0.0001	-0.0001	-0.0005	-0.0001	-0.0001	-0.0061	-0.0001	-0.0001	-0.0001	0.0035	0.0000	0.0099
133	-0.0004	-0.0004	0.0001	0.0007	-0.0003	0.0000	-0.0002	-0.0002	-0.0002	-0.0002	0.0009	-0.0002	0.0051	0.0003	-0.0002	-0.0059	-0.0002	-0.0005	0.0016	0.0000	0.0088
165	-0.0002	-0.0001	-0.0001	0.0008	-0.0003	0.0001	-0.0053	-0.0001	-0.0001	-0.0001	0.0010	-0.0001	-0.0001	0.0006	-0.0001	-0.0001	-0.0001	-0.0001	0.0018	0.0029	0.0071
17	-0.0002	-0.0002	-0.0002	-0.0002	0.0055	-0.0002	-0.0010	-0.0002	-0.0002	-0.0002	-0.0004	-0.0032	-0.0002	-0.0002	-0.0002	-0.0002	-0.0002	-0.0002	0.0015	0.0000	0.0070
68	-0.0001	-0.0040	0.0060	-0.0001	-0.0001	-0.0001	-0.0003	-0.0001	-0.0001	-0.0001	-0.0001	-0.0001	-0.0001	-0.0001	-0.0001	-0.0001	-0.0001	-0.0001	0.0001	0.0000	0.0061
88	-0.0000	-0.0001	0.0002	0.0007	-0.0001	0.0002	0.0001	0.0025	-0.0001	-0.0001	-0.0001	-0.0001	-0.0001	0.0006	-0.0001	-0.0001	-0.0001	-0.0043	0.0014	0.0000	0.0056
177	-0.0031	-0.0001	-0.0001	-0.0001	-0.0001	-0.0001	-0.0001	-0.0001	-0.0001	-0.0002	-0.0001	-0.0001	0.0049	-0.0001	-0.0001	-0.0003	-0.0001	-0.0001	0.0005	0.0000	0.0054
96	-0.0005	-0.0001	-0.0001	0.0000	-0.0001	-0.0013	-0.0001	-0.0001	-0.0001	-0.0001	0.0003	-0.0010	0.0034	-0.0001	-0.0001	-0.0012	-0.0001	-0.0001	0.0016	0.0000	0.0053
112	-0.0001	-0.0001	0.0045	-0.0021	-0.0001	-0.0001	-0.0001	-0.0001	-0.0001	-0.0001	-0.0001	-0.0001	-0.0001	-0.0001	-0.0001	-0.0001	-0.0005	-0.0001	-0.0001	0.0000	0.0045
13	-0.0008	-0.0001	-0.0004	0.0001	-0.0001	-0.0005	-0.0011	-0.0001	-0.0001	-0.0001	0.0002	0.0029	-0.0001	-0.0001	-0.0001	-0.0001	-0.0001	-0.0001	0.0008	0.0000	0.0040
161	-0.0007	-0.0001	-0.0001	-0.0001	-0.0001	-0.0003	-0.0001	-0.0001	-0.0001	-0.0001	-0.0001	-0.0001	0.0029	-0.0001	-0.0001	-0.0009	-0.0004	-0.0001	0.0009	0.0000	0.0039
106	-0.0001	-0.0001	-0.0001	-0.0001	-0.0015	-0.0001	-0.0001	-0.0001	-0.0001	-0.0001	-0.0002	-0.0001	-0.0001	-0.0001	-0.0001	-0.0001	-0.0001	-0.0001	0.0035	0.0000	0.0035
127	-0.0005	-0.0001	-0.0001	-0.0001	-0.0001	-0.0001	-0.0001	-0.0001	-0.0006	-0.0001	-0.0001	-0.0001	-0.0001	-0.0001	0.0021	-0.0004	-0.0001	-0.0001	0.0010	0.0000	0.0031
102	-0.0001	0.0026	-0.0001	-0.0001	-0.0001	-0.0001	-0.0001	-0.0007	-0.0001	-0.0001	-0.0001	-0.0001	-0.0001	-0.0001	-0.0001	-0.0001	-0.0001	-0.0001	-0.0001	0.0000	0.0026
69	-0.0003	-0.0002	-0.0002	-0.0001	-0.0002	-0.0001	-0.0002	-0.0002	-0.0001	-0.0002	-0.0001	-0.0002	-0.0002	-0.0001	-0.0002	0.0023	0.0000	-0.0002	-0.0000	0.0001	0.0024
76	-0.0002	-0.0001	0.0019	0.0001	-0.0002	-0.0002	0.0001	-0.0002	-0.0001	-0.0002	-0.0000	-0.0002	-0.0001	0.0001	-0.0001	-0.0002	-0.0001	-0.0002	0.0000	0.0000	0.0023
86	-0.0001	-0.0001	-0.0001	-0.0001	-0.0001	0.0022	-0.0001	-0.0002	-0.0001	-0.0001	-0.0001	-0.0001	-0.0001	-0.0001	-0.0001	-0.0001	-0.0001	-0.0001	-0.0000	0.0000	0.0022
49	-0.0001	0.0021	-0.0001	-0.0001	-0.0001	-0.0001	-0.0001	-0.0001	-0.0001	-0.0001	-0.0001	-0.0001	-0.0001	-0.0001	-0.0001	-0.0001	-0.0001	-0.0001	-0.0002	0.0000	0.0021
93	-0.0001	-0.0001	-0.0001	-0.0001	-0.0002	-0.0001	-0.0001	-0.0001	-0.0001	-0.0001	-0.0001	-0.0001	-0.0001	-0.0001	-0.0001	-0.0001	-0.0001	-0.0001	0.0005	0.0016	0.0021
137	-0.0001	-0.0001	0.0020	-0.0001	-0.0001	-0.0001	-0.0001	-0.0001	-0.0001	-0.0001	-0.0001	-0.0001	-0.0001	-0.0001	-0.0001	-0.0001	-0.0001	-0.0001	-0.0001	0.0000	0.0020
101	-0.0001	-0.0001	-0.0001	-0.0001	-0.0001	0.0020	-0.0001	-0.0001	-0.0001	-0.0001	-0.0001	-0.0001	-0.0001	-0.0001	-0.0001	-0.0001	-0.0001	-0.0001	-0.0001	0.0000	0.0020
92	-0.0001	-0.0001	-0.0001	-0.0001	-0.0001	-0.0001	-0.0001	-0.0001	-0.0001	-0.0001	-0.0001	0.0019	-0.0001	-0.0001	-0.0001	-0.0001	-0.0001	-0.0001	0.0000	0.0000	0.0019
179	-0.0001	-0.0001	-0.0001	-0.0001	-0.0001	-0.0001	-0.0001	-0.0001	-0.0001	-0.0001	-0.0001	-0.0001	-0.0001	-0.0001	0.0019	-0.0001	-0.0001	-0.0001	0.0000	0.0000	0.0019
82	-0.0001	-0.0001	-0.0001	-0.0001	-0.0001	-0.0001	-0.0001	-0.0001	-0.0001	-0.0001	-0.0001	-0.0001	0.0019	-0.0001	-0.0001	-0.0001	-0.0001	-0.0001	0.0000	0.0000	0.0019
15	-0.0001	-0.0001	-0.0000	0.0000	-0.0002	-0.0001	-0.0001	-0.0002	-0.0000	-0.0003	-0.0000	-0.0002	0.0001	-0.0000	-0.0001	0.0007	0.0008	-0.0001	-0.0000	0.0000	0.0017
139	-0.0001	-0.0001	0.0001	-0.0000	-0.0003	0.0001	-0.0000	-0.0002	-0.0000	-0.0003	-0.0000	0.0001	-0.0003	-0.0000	-0.0000	0.0009	0.0003	-0.0001	-0.0000	0.0000	0.0015
167	-0.0000	-0.0001	-0.0000	-0.0000	0.0007	-0.0000	-0.0000	-0.0001	-0.0000	-0.0001	-0.0000	-0.0000	-0.0000	-0.0000	-0.0000	-0.0001	-0.0000	-0.0001	-0.0000	0.0000	0.0007
136	-0.0000	-0.0000	-0.0000	-0.0000	-0.0000	-0.0000	-0.0000	-0.0000	0.0000	-0.0000	-0.0000	-0.0000	-0.0000	0.0000	0.0000	0.0000	-0.0000	-0.0000	-0.0000	0.0000	0.0000
107	-0.0000	-0.0000	-0.0000	-0.0000	-0.0000	-0.0000	-0.0000	-0.0000	-0.0000	-0.0000	-0.0000	0.0000	-0.0000	-0.0000	-0.0000	-0.0000	-0.0000	-0.0000	-0.0000	0.0000	0.0000
72	-0.0000	-0.0000	-0.0000	-0.0000	-0.0000	-0.0000	-0.0000	0.0000	-0.0000	-0.0000	-0.0000	-0.0000	-0.0000	-0.0000	-0.0000	-0.0000	-0.0000	0.0000	-0.0000	0.0000	0.0000
19	-0.0000	-0.0000	-0.0000	-0.0000	-0.0000	-0.0000	0.0000	-0.0000	-0.0000	-0.0000	-0.0000	-0.0000	0.0000	-0.0000	-0.0000	0.0000	-0.0000	-0.0000	-0.0000	0.0000	0.0000
131	-0.0000	-0.0000	-0.0000	-0.0000	-0.0000	-0.0000	-0.0000	0.0000	-0.0000	0.0000	-0.0000	-0.0000	-0.0000	-0.0000	-0.0000	-0.0000	-0.0000	0.0000	-0.0000	0.0000	0.0000
77	-0.0000	-0.0000	-0.0000	-0.0000	-0.0000	-0.0000	-0.0000	-0.0000	-0.0000	0.0000	-0.0000	-0.0000	-0.0000	-0.0000	-0.0000	-0.0000	-0.0000	0.0000	-0.0000	0.0000	0.0000
99	-0.0000	-0.0000	-0.0000	-0.0000	0.0000	-0.0000	-0.0000	-0.0000	-0.0000	-0.0000	-0.0000	-0.0000	-0.0000	-0.0000	-0.0000	-0.0000	-0.0000	-0.0000	0.0000	0.0000	0.0000
25	-0.0000	-0.0000	-0.0000	-0.0000	-0.0000	-0.0000	-0.0000	-0.0000	-0.0000	-0.0000	-0.0000	-0.0000	-0.0000	-0.0000	0.0000	-0.0000	-0.0000	-0.0000	-0.0000	0.0000	0.0000
71	-0.0000	-0.0000	-0.0000	-0.0000	-0.0000	-0.0000	-0.0000	0.0000	-0.0000	-0.0000	-0.0000	-0.0000	-0.0000	-0.0000	-0.0000	-0.0000	-0.0000	0.0000	-0.0000	0.0000	0.0000
95	-0.0000	-0.0000	-0.0000	-0.0000	-0.0000	-0.0000	-0.0000	0.0000	-0.0000	0.0000	-0.0000	-0.0000	-0.0000	-0.0000	-0.0000	-0.0000	-0.0000	0.0000	-0.0000	0.0000	0.0000
20	-0.0000	-0.0000	-0.0000	-0.0000	-0.0000	-0.0000	-0.0000	-0.0000	-0.0000	-0.0000	-0.0000	-0.0000	-0.0000	-0.0000	-0.0000	-0.0000	-0.0000	0.0000	-0.0000	0.0000	0.0000
180	-0.0000	-0.0000	-0.0000	-0.0000	-0.0000	-0.0000	-0.0000	-0.0000	-0.0000	-0.0000	-0.0000	-0.0000	-0.0000	-0.0000	-0.0000	-0.0000	-0.0000	0.0000	-0.0000	0.0000	0.0000
182	-0.0000	-0.0000	-0.0000	-0.0000	-0.0000	-0.0000	-0.0000	-0.0000	-0.0000	-0.0000	-0.0000	-0.0000	-0.0000	-0.0000	-0.0000	-0.0000	-0.0000	0.0000	-0.0000	0.0000	0.0000
124	-0.0000	-0.0000	-0.0000	-0.0000	-0.0000	-0.0000	-0.0000	-0.0000	-0.0000	-0.0000	-0.0000	-0.0000	-0.0000	-0.0000	0.0000	0.0000	-0.0000	-0.0000	-0.0000	0.0000	0.0000
103	-0.0000	-0.0000	-0.0000	-0.0000	-0.0000	-0.0000	-0.0000	-0.0000	-0.0000	-0.0000	-0.0000	-0.0000	-0.0000	-0.0000	-0.0000	-0.0000	-0.0000	0.0000	-0.0000	0.0000	0.0000
181	-0.0000	-0.0000	-0.0000	-0.0000	-0.0000	-0.0000	-0.0000	-0.0000	-0.0000	-0.0000	-0.0000	-0.0000	-0.0000	-0.0000	-0.0000	-0.0000	-0.0000	0.0000	-0.0000	0.0000	0.0000
12	-0.0000	-0.0000	-0.0000	-0.0000	0.0000	-0.0000	-0.0000	-0.0000	-0.0000	-0.0000	-0.0000	-0.0000	-0.0000	-0.0000	-0.0000	-0.0000	-0.0000	-0.0000	-0.0000	0.0000	0.0000
80	-0.0000	-0.0000	-0.0000	-0.0000	-0.0000	-0.0000	-0.0000	0.0000	-0.0000	-0.0000	-0.0000	-0.0000	-0.0000	-0.0000	-0.0000	-0.0000	-0.0000	-0.0000	-0.0000	0.0000	0.0000
162	-0.0000	-0.0000	-0.0000	-0.0000	-0.0000	-0.0000	-0.0000	0.0000	-0.0000	0.0000	-0.0000	-0.0000	-0.0000	-0.0000	-0.0000	-0.0000	-0.0000	-0.0000	-0.0000	0.0000	0.0000
57	-0.0000	-0.0000	-0.0000	-0.0000	-0.0000	-0.0000	-0.0000	-0.0000	-0.0000	0.0000	-0.0000	-0.0000	-0.0000	-0.0000	-0.0000	-0.0000	-0.0000	-0.0000	-0.0000	0.0000	0.0000
70	-0.0000	-0.0000	-0.0000	-0.0000	0.0000	-0.0000	-0.0000	-0.0000	-0.0000	-0.0000	-0.0000	-0.0000	-0.0000	-0.0000	-0.0000	-0.0000	-0.0000	-0.0000	-0.0000	0.0000	0.0000
183	-0.0000	-0.0000	-0.0000	-0.0000	0.0000	-0.0000	-0.0000	-0.0000	-0.0000	0.0000	-0.0000	-0.0000	-0.0000	-0.0000	-0.0000	-0.0000	-0.0000	-0.0000	-0.0000	0.0000	0.0000