# Differential preferences fit to each site.
# Regularizing prior: ('invquadratic', 150.0, 0.5)
#
site	dpi_A	dpi_C	dpi_D	dpi_E	dpi_F	dpi_G	dpi_H	dpi_I	dpi_K	dpi_L	dpi_M	dpi_N	dpi_P	dpi_Q	dpi_R	dpi_S	dpi_T	dpi_V	dpi_W	dpi_Y	half_sum_abs_dpi
119	0.0059	-0.0000	-0.0001	0.0069	0.6720	0.0062	0.1016	-0.0001	0.0048	-0.0001	0.0078	-0.0005	0.0056	0.0067	0.0029	-0.0004	-0.0007	-0.0002	0.0087	-0.8273	0.8292
164	-0.0874	0.0044	0.0170	0.0079	-0.0157	0.0670	0.0005	-0.0013	-0.0084	-0.0081	0.0071	-0.0066	0.0448	0.0052	0.0453	0.0178	-0.0681	-0.0106	0.0125	-0.0236	0.2297
163	-0.0365	-0.0032	-0.0001	0.0098	-0.0066	-0.0264	-0.0236	-0.0151	-0.0113	-0.0267	0.0002	-0.0130	-0.0004	-0.0095	0.2071	-0.0082	-0.0149	-0.0196	-0.0006	-0.0015	0.2172
168	-0.0072	-0.0000	-0.0000	-0.0001	0.0240	-0.0013	-0.0175	0.0004	0.0055	-0.0000	-0.0025	0.0108	0.0071	0.0479	-0.0019	0.0217	0.0886	-0.0000	-0.0122	-0.1633	0.2061
154	-0.0583	-0.0034	0.0020	0.0082	-0.0001	-0.0155	-0.0028	0.0890	-0.0228	0.0081	-0.0056	-0.0142	0.0758	-0.0183	-0.0372	0.0002	-0.0091	0.0047	-0.0007	-0.0000	0.1880
115	-0.0482	-0.0005	-0.0010	0.0633	-0.0060	-0.0012	-0.0003	-0.0278	-0.0037	-0.0163	0.0013	0.0367	-0.0063	0.0497	-0.0049	0.0044	-0.0627	0.0210	0.0029	-0.0004	0.1793
197	-0.0063	-0.0039	-0.0033	-0.0028	-0.0087	-0.0038	-0.0065	-0.0124	-0.0055	-0.0307	-0.0017	-0.0063	0.1587	-0.0039	-0.0103	-0.0240	-0.0118	-0.0084	-0.0006	-0.0075	0.1587
175	-0.0000	-0.0000	-0.0000	-0.0000	0.0107	-0.0000	0.1428	-0.0000	-0.0000	-0.0000	-0.0000	-0.0000	-0.0000	-0.0000	-0.0000	-0.0000	-0.0000	-0.0000	-0.0015	-0.1517	0.1535
114	-0.0031	0.0061	0.0074	0.0058	-0.0004	-0.0007	0.0055	-0.0354	0.0396	0.0416	-0.0282	-0.0108	-0.0001	0.0043	-0.0022	0.0302	-0.0666	0.0007	0.0086	-0.0022	0.1497
110	0.0034	0.0029	0.0033	0.0065	-0.0031	0.0058	0.0376	-0.0331	0.0276	-0.0079	0.0075	-0.0231	0.0021	0.0061	0.0014	0.0337	-0.0480	0.0013	0.0089	-0.0329	0.1481
192	0.1476	-0.0035	-0.0059	-0.0031	-0.0084	-0.0054	-0.0031	-0.0122	-0.0051	-0.0186	-0.0012	-0.0060	-0.0060	-0.0026	-0.0077	-0.0198	-0.0138	-0.0180	-0.0000	-0.0071	0.1476
16	-0.0074	0.0038	0.0048	0.0052	-0.0009	0.0040	0.0051	-0.0477	0.0450	-0.0089	0.0064	0.0238	-0.0046	0.0050	0.0230	0.0124	-0.0718	0.0006	0.0074	-0.0052	0.1465
160	0.0025	-0.0096	-0.0135	0.0353	0.0200	0.0016	-0.0033	-0.0072	0.0153	-0.0128	0.0055	0.0117	0.0026	0.0031	-0.0023	-0.0107	-0.0012	-0.0029	0.0487	-0.0829	0.1464
97	-0.0052	-0.0033	0.1445	-0.0066	-0.0081	-0.0068	-0.0049	-0.0117	-0.0049	-0.0177	-0.0012	-0.0112	-0.0039	-0.0074	-0.0074	-0.0130	-0.0072	-0.0119	-0.0001	-0.0121	0.1445
153	-0.0031	-0.0028	-0.0007	0.0012	-0.0110	-0.0026	-0.0067	0.0308	-0.0035	-0.0616	0.0003	-0.0051	0.0010	0.0509	-0.0089	-0.0186	-0.0120	0.0497	0.0007	0.0018	0.1365
169	-0.0110	-0.0004	-0.0009	-0.0003	-0.0100	-0.0005	0.0042	0.0527	-0.0073	-0.0261	-0.0038	-0.0093	-0.0088	0.0770	-0.0103	-0.0204	-0.0055	-0.0097	-0.0006	-0.0090	0.1339
198	-0.0034	-0.0032	-0.0026	-0.0061	-0.0077	-0.0030	-0.0029	-0.0181	0.1328	-0.0170	-0.0012	-0.0121	-0.0037	-0.0047	-0.0113	-0.0124	-0.0095	-0.0074	0.0000	-0.0065	0.1328
196	-0.0051	-0.0030	-0.0025	-0.0063	-0.0075	0.1255	-0.0021	-0.0113	-0.0041	-0.0178	-0.0001	-0.0049	-0.0030	-0.0015	-0.0191	-0.0135	-0.0065	-0.0118	0.0005	-0.0061	0.1261
1	-0.0028	-0.0026	-0.0050	-0.0015	-0.0072	-0.0025	-0.0045	-0.0173	-0.0100	-0.0166	-0.0005	0.1250	-0.0032	-0.0018	-0.0066	-0.0169	-0.0081	-0.0070	0.0006	-0.0114	0.1256
201	-0.0068	-0.0027	-0.0021	-0.0016	-0.0071	-0.0025	-0.0023	-0.0212	-0.0046	-0.0160	-0.0007	-0.0085	-0.0055	-0.0019	-0.0068	-0.0196	0.1223	-0.0068	0.0004	-0.0059	0.1227
128	0.0019	0.0019	0.0022	0.0017	-0.0027	0.0020	0.0510	-0.0069	0.0241	-0.0291	0.0027	-0.0113	-0.0002	-0.0565	0.0256	-0.0078	-0.0026	-0.0024	0.0048	0.0017	0.1195
59	-0.0047	-0.0021	0.1152	-0.0047	-0.0070	-0.0052	-0.0036	-0.0066	-0.0038	-0.0170	0.0001	-0.0106	-0.0027	-0.0013	-0.0063	-0.0121	-0.0061	-0.0133	0.0013	-0.0095	0.1167
191	-0.0047	-0.0024	-0.0017	-0.0012	-0.0073	-0.0022	-0.0041	-0.0111	-0.0040	-0.0196	-0.0001	-0.0049	0.1152	-0.0025	-0.0086	-0.0189	-0.0101	-0.0070	0.0011	-0.0060	0.1163
152	-0.0336	-0.0033	-0.0034	0.0008	-0.0061	0.0235	-0.0000	-0.0029	-0.0020	-0.0193	0.0020	-0.0028	0.0671	0.0001	-0.0057	0.0194	-0.0276	-0.0061	0.0032	-0.0034	0.1162
56	-0.0028	-0.0026	-0.0020	-0.0044	-0.0070	-0.0025	-0.0023	-0.0129	0.1136	-0.0160	-0.0028	-0.0097	-0.0023	-0.0037	-0.0107	-0.0116	-0.0083	-0.0068	0.0005	-0.0059	0.1141
129	-0.0493	0.0022	-0.0014	0.0018	-0.0031	0.0386	0.0028	-0.0050	0.0010	-0.0102	0.0045	0.0003	-0.0161	0.0032	-0.0039	0.0492	-0.0081	-0.0128	0.0047	0.0016	0.1099
200	-0.0052	-0.0051	-0.0021	-0.0017	-0.0148	-0.0025	-0.0023	-0.0096	-0.0039	-0.0145	-0.0008	-0.0046	-0.0074	-0.0019	-0.0060	0.1088	-0.0105	-0.0063	0.0002	-0.0096	0.1089
195	-0.0021	0.1073	-0.0013	-0.0009	-0.0099	-0.0057	-0.0037	-0.0096	-0.0034	-0.0151	0.0001	-0.0041	-0.0004	-0.0011	-0.0100	-0.0172	-0.0054	-0.0060	-0.0011	-0.0106	0.1074
39	-0.0022	-0.0073	-0.0052	-0.0011	-0.0123	-0.0019	-0.0068	-0.0091	-0.0034	-0.0141	-0.0002	-0.0093	-0.0025	-0.0013	-0.0055	-0.0130	-0.0053	-0.0058	0.0008	0.1055	0.1063
3	-0.0055	-0.0018	-0.0012	-0.0008	-0.0062	-0.0017	-0.0015	-0.0207	-0.0067	-0.0150	0.0002	-0.0040	-0.0042	-0.0011	-0.0076	-0.0173	0.1048	-0.0059	0.0012	-0.0050	0.1062
32	-0.0074	-0.0019	-0.0084	-0.0009	-0.0104	-0.0061	-0.0016	-0.0149	-0.0033	-0.0174	0.0000	-0.0040	-0.0025	-0.0012	-0.0055	-0.0103	-0.0052	0.1049	0.0010	-0.0049	0.1059
199	-0.0004	-0.0002	0.0003	-0.0013	-0.0080	-0.0001	-0.0013	-0.0131	0.0478	0.0289	-0.0385	-0.0059	-0.0013	0.0267	-0.0084	-0.0113	-0.0063	-0.0061	0.0019	-0.0033	0.1056
87	-0.0108	-0.0021	0.0077	0.0242	-0.0091	-0.0100	-0.0018	-0.0142	0.0059	-0.0248	0.0148	0.0014	-0.0026	-0.0018	-0.0061	-0.0110	-0.0059	0.0503	0.0010	-0.0051	0.1054
54	0.0431	0.0001	-0.0011	0.0011	-0.0046	-0.0010	-0.0031	-0.0081	-0.0015	-0.0227	0.0022	-0.0023	0.0521	0.0009	-0.0057	-0.0324	-0.0106	-0.0064	0.0033	-0.0033	0.1028
2	-0.0019	-0.0017	-0.0011	-0.0007	-0.0135	-0.0016	-0.0014	0.0991	-0.0034	-0.0182	-0.0020	-0.0076	-0.0022	-0.0010	-0.0055	-0.0133	-0.0104	-0.0100	0.0013	-0.0048	0.1004
61	-0.0010	0.0983	-0.0001	0.0003	-0.0121	-0.0033	-0.0005	-0.0094	-0.0024	-0.0156	0.0015	-0.0033	-0.0014	0.0000	-0.0090	-0.0187	-0.0048	-0.0054	-0.0000	-0.0131	0.1002
111	0.0019	0.0026	0.0029	0.0030	-0.0095	0.0025	0.0005	0.0029	0.0339	-0.0786	0.0007	0.0036	-0.0043	0.0265	-0.0054	-0.0017	-0.0003	0.0125	0.0050	0.0012	0.0997
148	-0.0028	-0.0045	-0.0025	-0.0001	-0.0059	0.0543	-0.0012	-0.0151	0.0007	-0.0154	0.0007	-0.0065	-0.0035	0.0326	-0.0158	-0.0141	0.0096	-0.0076	0.0019	-0.0047	0.0996
84	-0.0023	-0.0018	-0.0003	-0.0030	-0.0027	-0.0017	-0.0156	-0.0105	-0.0073	-0.0150	0.0004	-0.0042	-0.0001	0.0989	-0.0101	-0.0119	-0.0059	-0.0065	-0.0005	0.0002	0.0995
37	-0.0056	-0.0017	-0.0020	-0.0048	-0.0070	-0.0052	-0.0014	0.0401	-0.0033	-0.0313	-0.0025	-0.0040	-0.0023	-0.0009	-0.0056	-0.0110	-0.0054	0.0576	0.0014	-0.0051	0.0991
147	-0.0048	-0.0034	-0.0051	-0.0009	-0.0064	0.0635	-0.0016	-0.0123	-0.0034	-0.0154	0.0001	-0.0061	-0.0025	-0.0011	-0.0126	0.0340	-0.0065	-0.0113	0.0012	-0.0052	0.0989
98	-0.0030	-0.0005	0.0935	-0.0038	-0.0056	-0.0039	-0.0020	-0.0095	-0.0022	-0.0180	0.0019	-0.0070	-0.0011	0.0004	-0.0049	-0.0109	-0.0046	-0.0120	0.0031	-0.0098	0.0988
120	-0.0014	-0.0012	-0.0012	0.0499	-0.0061	0.0361	-0.0032	-0.0279	-0.0076	-0.0169	0.0015	0.0077	-0.0001	-0.0001	-0.0058	-0.0080	-0.0001	-0.0068	0.0028	-0.0117	0.0980
193	-0.0055	-0.0001	-0.0013	-0.0001	-0.0058	-0.0017	-0.0015	-0.0199	-0.0051	-0.0138	-0.0001	-0.0052	-0.0043	-0.0011	-0.0063	-0.0154	0.0977	-0.0056	-0.0001	-0.0048	0.0977
85	-0.0049	-0.0011	-0.0005	-0.0001	-0.0055	-0.0010	-0.0009	-0.0213	-0.0035	-0.0139	0.0008	-0.0056	-0.0079	-0.0004	-0.0054	-0.0152	0.0940	-0.0052	0.0019	-0.0044	0.0968
190	0.0577	-0.0003	0.0003	-0.0027	-0.0051	0.0320	0.0000	-0.0088	-0.0019	-0.0148	0.0019	-0.0027	-0.0031	0.0005	-0.0050	-0.0167	-0.0115	-0.0192	0.0031	-0.0039	0.0956
36	0.0374	-0.0057	-0.0024	-0.0020	0.0514	-0.0028	-0.0026	-0.0110	-0.0044	-0.0239	-0.0006	-0.0055	-0.0042	-0.0020	-0.0069	0.0053	-0.0128	-0.0078	0.0007	-0.0002	0.0948
55	-0.0071	-0.0018	-0.0012	-0.0008	-0.0062	-0.0017	-0.0015	0.0379	-0.0039	-0.0147	0.0001	-0.0083	-0.0060	-0.0011	-0.0056	-0.0239	0.0555	-0.0059	0.0012	-0.0049	0.0946
42	0.0417	-0.0008	-0.0001	0.0009	-0.0064	-0.0003	0.0000	-0.0376	-0.0056	-0.0151	0.0021	-0.0042	-0.0067	0.0006	-0.0058	0.0332	0.0126	-0.0065	0.0032	-0.0053	0.0943
100	-0.0054	-0.0005	-0.0021	0.0003	-0.0044	-0.0010	-0.0003	-0.0144	-0.0033	0.0203	-0.0276	-0.0049	-0.0001	0.0001	-0.0048	-0.0168	0.0715	-0.0053	0.0019	-0.0032	0.0942
189	-0.0002	-0.0000	-0.0035	0.0010	-0.0046	0.0001	0.0427	-0.0250	-0.0086	-0.0140	0.0021	0.0443	-0.0007	0.0006	-0.0041	-0.0131	-0.0061	-0.0043	0.0032	-0.0097	0.0941
53	-0.0033	-0.0040	-0.0004	-0.0001	-0.0245	-0.0008	-0.0007	-0.0079	-0.0023	-0.0143	0.0009	-0.0030	-0.0070	-0.0003	-0.0044	0.0905	-0.0072	-0.0047	0.0018	-0.0083	0.0932
62	-0.0006	-0.0022	0.0002	0.0006	0.0855	-0.0003	-0.0001	-0.0117	-0.0018	-0.0330	0.0016	-0.0026	-0.0009	0.0004	-0.0069	-0.0148	-0.0039	-0.0061	0.0027	-0.0062	0.0909
40	-0.0016	-0.0015	-0.0040	-0.0003	-0.0063	-0.0013	-0.0030	-0.0022	-0.0083	-0.0161	0.0008	0.0879	-0.0020	-0.0005	-0.0056	-0.0148	-0.0073	-0.0051	0.0019	-0.0109	0.0907
4	-0.0000	0.0002	-0.0017	0.0013	-0.0051	0.0004	0.0029	-0.0198	-0.0009	-0.0198	0.0025	0.0450	-0.0008	0.0343	-0.0047	-0.0160	-0.0068	-0.0048	0.0039	-0.0100	0.0904
5	-0.0021	-0.0020	-0.0014	-0.0010	-0.0117	-0.0018	-0.0030	-0.0114	-0.0032	0.0882	-0.0019	-0.0039	-0.0048	-0.0029	-0.0070	-0.0113	-0.0050	-0.0091	0.0003	-0.0048	0.0885
188	-0.0022	-0.0020	-0.0015	-0.0011	-0.0098	-0.0019	-0.0020	-0.0134	-0.0033	0.0877	-0.0003	-0.0039	-0.0068	-0.0039	-0.0078	-0.0108	-0.0050	-0.0080	0.0006	-0.0047	0.0883
140	-0.0020	-0.0005	-0.0033	0.0005	-0.0050	-0.0004	-0.0022	-0.0180	-0.0066	-0.0140	0.0015	0.0480	-0.0028	0.0002	-0.0044	-0.0155	0.0348	-0.0048	0.0026	-0.0080	0.0877
149	-0.0048	-0.0016	-0.0008	-0.0004	-0.0064	-0.0013	-0.0046	-0.0123	-0.0040	-0.0271	-0.0005	-0.0040	0.0122	-0.0008	-0.0083	0.0248	0.0487	-0.0056	0.0017	-0.0049	0.0875
78	-0.0012	-0.0013	-0.0003	0.0001	-0.0055	-0.0044	-0.0009	-0.0125	-0.0069	-0.0160	0.0002	-0.0033	-0.0018	-0.0006	0.0854	-0.0157	-0.0071	-0.0053	0.0013	-0.0043	0.0869
187	-0.0018	-0.0017	-0.0011	-0.0007	-0.0113	-0.0015	-0.0040	-0.0139	-0.0029	0.0858	-0.0002	-0.0036	-0.0076	-0.0016	-0.0063	-0.0110	-0.0048	-0.0080	0.0007	-0.0045	0.0865
116	-0.0106	0.0084	-0.0029	0.0004	-0.0054	0.0180	0.0003	-0.0118	-0.0016	-0.0140	0.0021	-0.0033	-0.0022	0.0007	-0.0063	0.0526	-0.0143	-0.0094	0.0032	-0.0040	0.0858
9	-0.0020	-0.0071	-0.0005	-0.0019	-0.0046	0.0480	0.0005	-0.0088	-0.0017	-0.0145	0.0026	0.0301	-0.0003	0.0012	-0.0130	-0.0088	-0.0039	-0.0149	0.0033	-0.0036	0.0857
58	0.0001	0.0006	-0.0013	0.0016	-0.0043	0.0005	-0.0012	-0.0160	-0.0073	-0.0142	0.0027	0.0748	-0.0003	0.0012	-0.0039	-0.0141	-0.0056	-0.0041	0.0041	-0.0132	0.0855
7	-0.0022	-0.0000	0.0007	0.0013	-0.0063	0.0002	-0.0027	-0.0036	-0.0019	-0.0195	0.0025	-0.0028	0.0748	0.0007	-0.0072	-0.0203	-0.0085	-0.0052	0.0039	-0.0040	0.0840
141	-0.0043	0.0004	0.0191	0.0318	-0.0067	-0.0027	0.0006	-0.0148	-0.0041	-0.0286	0.0012	-0.0024	-0.0002	0.0005	-0.0037	-0.0092	-0.0035	0.0263	0.0038	-0.0036	0.0837
132	-0.0016	-0.0014	-0.0010	-0.0034	-0.0058	-0.0019	-0.0013	-0.0173	0.0120	-0.0148	-0.0001	0.0353	-0.0019	-0.0026	0.0345	-0.0112	-0.0079	-0.0056	0.0008	-0.0049	0.0826
29	-0.0032	-0.0006	-0.0003	0.0001	-0.0078	-0.0027	-0.0006	-0.0206	-0.0024	-0.0111	0.0011	-0.0065	-0.0049	-0.0001	-0.0085	0.0784	-0.0019	-0.0050	0.0022	-0.0053	0.0818
151	-0.0037	-0.0009	-0.0008	0.0010	-0.0068	0.0001	-0.0005	-0.0227	-0.0035	-0.0145	0.0019	0.0301	-0.0092	0.0007	-0.0039	0.0444	-0.0065	-0.0041	0.0030	-0.0041	0.0812
33	0.0700	0.0008	-0.0019	-0.0002	-0.0043	-0.0010	0.0011	-0.0082	-0.0009	-0.0146	0.0032	-0.0018	-0.0022	0.0017	-0.0035	-0.0161	-0.0116	-0.0118	0.0044	-0.0030	0.0812
171	-0.0292	-0.0011	0.0087	-0.0003	-0.0111	-0.0001	-0.0070	-0.0138	-0.0001	-0.0001	-0.0031	0.0212	-0.0001	-0.0050	-0.0001	0.0296	0.0216	-0.0009	-0.0016	-0.0077	0.0811
186	-0.0031	0.0002	-0.0029	0.0723	-0.0070	-0.0032	0.0006	-0.0098	-0.0081	-0.0043	0.0028	-0.0027	-0.0005	-0.0003	-0.0047	-0.0114	-0.0044	-0.0137	0.0042	-0.0040	0.0802
22	0.0727	-0.0001	-0.0009	0.0001	-0.0055	-0.0027	0.0003	-0.0047	-0.0019	-0.0146	0.0024	-0.0028	-0.0001	0.0009	-0.0048	-0.0153	-0.0188	-0.0039	0.0038	-0.0040	0.0802
123	-0.0005	-0.0176	-0.0001	-0.0001	-0.0053	-0.0003	-0.0039	-0.0032	-0.0017	-0.0121	0.0015	-0.0005	-0.0001	0.0003	-0.0037	-0.0241	-0.0028	-0.0040	0.0024	0.0759	0.0801
43	-0.0045	-0.0038	-0.0009	-0.0005	0.0347	-0.0014	-0.0012	-0.0089	-0.0029	-0.0181	0.0004	-0.0001	-0.0090	-0.0008	-0.0051	0.0434	-0.0095	-0.0055	0.0015	-0.0079	0.0801
83	0.0514	-0.0013	-0.0015	-0.0075	-0.0060	0.0264	-0.0010	-0.0027	-0.0029	-0.0153	0.0009	-0.0036	-0.0001	-0.0005	-0.0112	-0.0126	-0.0062	-0.0029	0.0014	-0.0047	0.0800
64	-0.0004	-0.0021	-0.0032	0.0008	-0.0046	-0.0016	-0.0015	-0.0184	-0.0083	-0.0134	0.0018	0.0437	-0.0007	0.0006	-0.0078	0.0299	-0.0066	-0.0044	0.0029	-0.0068	0.0797
109	-0.0050	-0.0047	0.0260	0.0000	-0.0001	-0.0052	-0.0015	0.0032	0.0036	-0.0145	-0.0031	-0.0360	-0.0001	-0.0054	0.0135	0.0212	-0.0002	0.0107	-0.0025	-0.0001	0.0783
46	-0.0076	-0.0003	-0.0002	0.0006	-0.0043	-0.0021	-0.0001	-0.0150	-0.0027	-0.0123	0.0015	-0.0060	-0.0002	0.0004	-0.0045	-0.0145	0.0723	-0.0041	0.0025	-0.0033	0.0772
130	-0.0008	-0.0006	-0.0007	-0.0034	-0.0050	-0.0004	-0.0006	-0.0090	0.0350	-0.0138	-0.0030	0.0394	-0.0011	-0.0018	-0.0072	-0.0105	-0.0097	-0.0047	0.0025	-0.0047	0.0770
27	-0.0005	-0.0021	0.0003	0.0007	-0.0046	-0.0049	-0.0018	-0.0118	0.0250	-0.0155	0.0017	-0.0025	-0.0022	-0.0002	0.0455	-0.0162	-0.0060	-0.0044	0.0028	-0.0035	0.0761
14	0.0077	-0.0045	-0.0102	-0.0037	-0.0013	-0.0061	-0.0043	0.0453	-0.0049	-0.0049	-0.0030	-0.0058	-0.0023	-0.0029	-0.0073	-0.0136	0.0085	0.0141	-0.0007	-0.0000	0.0755
26	-0.0005	-0.0003	0.0002	-0.0039	-0.0040	-0.0003	-0.0000	-0.0214	0.0311	0.0262	0.0154	-0.0167	-0.0001	-0.0015	-0.0059	-0.0078	-0.0051	-0.0047	0.0023	-0.0030	0.0752
48	-0.0008	-0.0006	0.0000	-0.0028	-0.0041	-0.0003	-0.0009	-0.0089	0.0404	-0.0137	-0.0027	-0.0081	-0.0001	0.0314	-0.0064	-0.0093	-0.0074	-0.0046	0.0024	-0.0037	0.0742
44	0.0029	-0.0040	0.0038	0.0043	0.0364	0.0033	0.0035	-0.0079	0.0016	-0.0390	0.0054	-0.0006	0.0026	0.0040	-0.0009	-0.0147	-0.0007	-0.0041	0.0065	-0.0022	0.0742
155	0.0357	-0.0060	0.0032	0.0144	-0.0016	-0.0070	0.0029	-0.0039	-0.0059	-0.0044	-0.0017	-0.0070	-0.0001	0.0178	-0.0030	-0.0198	-0.0094	-0.0036	-0.0005	0.0000	0.0739
142	-0.0035	-0.0007	-0.0000	-0.0001	-0.0114	-0.0000	-0.0072	0.0054	-0.0005	-0.0165	-0.0018	-0.0002	0.0685	-0.0065	-0.0000	-0.0004	-0.0063	-0.0098	-0.0030	-0.0059	0.0739
63	-0.0026	-0.0027	-0.0000	0.0004	-0.0087	-0.0018	-0.0003	-0.0152	-0.0019	-0.0128	0.0013	-0.0063	-0.0046	0.0001	-0.0067	0.0596	0.0091	-0.0044	0.0023	-0.0047	0.0729
122	-0.0027	-0.0040	-0.0023	-0.0021	0.0021	-0.0024	-0.0027	-0.0031	0.0253	-0.0010	-0.0022	-0.0060	-0.0001	-0.0026	-0.0075	-0.0166	-0.0065	-0.0098	-0.0004	0.0445	0.0720
90	-0.0018	0.0003	0.0639	-0.0036	-0.0046	-0.0039	-0.0027	-0.0021	-0.0014	-0.0145	0.0026	-0.0060	-0.0001	0.0011	-0.0040	-0.0097	-0.0037	-0.0020	0.0038	-0.0117	0.0717
41	-0.0023	-0.0026	0.0006	0.0010	-0.0139	0.0002	0.0003	-0.0073	-0.0014	-0.0161	0.0020	-0.0021	-0.0060	0.0008	-0.0036	0.0636	-0.0065	-0.0039	0.0030	-0.0061	0.0716
117	-0.0004	-0.0000	0.0181	-0.0000	-0.0000	-0.0705	-0.0000	-0.0000	-0.0000	-0.0001	-0.0001	0.0367	-0.0000	-0.0000	-0.0000	0.0155	-0.0001	-0.0001	-0.0000	0.0011	0.0715
24	-0.0037	-0.0017	-0.0016	0.0408	-0.0023	-0.0046	-0.0023	-0.0072	-0.0067	-0.0025	0.0002	0.0301	-0.0003	-0.0024	-0.0059	-0.0121	-0.0062	-0.0119	-0.0001	0.0003	0.0714
75	-0.0017	0.0002	0.0638	-0.0069	-0.0045	-0.0067	-0.0017	-0.0004	-0.0014	-0.0093	0.0023	-0.0075	-0.0001	0.0010	-0.0038	-0.0092	-0.0036	-0.0030	0.0034	-0.0108	0.0706
18	0.0253	-0.0013	-0.0006	-0.0013	-0.0061	-0.0017	-0.0022	-0.0002	-0.0029	-0.0022	0.0010	-0.0037	0.0422	-0.0013	-0.0086	-0.0161	-0.0123	-0.0052	0.0021	-0.0048	0.0705
10	-0.0011	0.0007	-0.0016	0.0312	-0.0026	-0.0040	0.0005	-0.0085	-0.0061	-0.0155	0.0031	-0.0019	-0.0001	0.0293	-0.0042	-0.0099	-0.0035	-0.0105	0.0044	0.0003	0.0696
184	-0.0023	-0.0023	0.0006	0.0010	-0.0218	0.0002	0.0004	-0.0070	-0.0013	-0.0125	0.0019	-0.0020	-0.0001	0.0008	-0.0034	0.0616	-0.0059	-0.0037	0.0029	-0.0071	0.0695
30	0.0003	0.0007	0.0272	0.0020	-0.0049	0.0016	0.0003	-0.0015	-0.0061	-0.0033	0.0032	0.0267	0.0007	0.0018	-0.0040	-0.0164	-0.0149	-0.0012	0.0047	-0.0169	0.0692
66	0.0012	-0.0033	-0.0013	0.0023	-0.0051	-0.0001	-0.0209	-0.0055	0.0001	-0.0102	0.0032	-0.0033	-0.0001	0.0021	-0.0032	-0.0119	-0.0018	-0.0023	0.0042	0.0559	0.0690
60	-0.0009	-0.0008	-0.0003	0.0001	-0.0109	-0.0007	-0.0031	-0.0111	-0.0021	0.0665	0.0005	-0.0027	-0.0053	-0.0004	-0.0059	-0.0100	-0.0039	-0.0071	0.0015	-0.0036	0.0687
173	-0.0067	-0.0013	-0.0056	-0.0005	-0.0105	-0.0053	-0.0010	0.0463	-0.0029	-0.0171	0.0002	-0.0039	-0.0002	-0.0006	-0.0051	-0.0011	-0.0001	0.0182	0.0016	-0.0043	0.0662
146	0.0027	-0.0000	0.0607	0.0025	-0.0002	-0.0176	-0.0153	-0.0000	-0.0000	-0.0000	-0.0000	-0.0022	-0.0000	-0.0004	-0.0003	-0.0163	-0.0016	-0.0000	-0.0117	-0.0000	0.0659
138	-0.0015	-0.0014	-0.0008	-0.0004	-0.0023	-0.0012	-0.0015	0.0082	-0.0028	0.0556	-0.0010	-0.0069	-0.0023	-0.0007	-0.0050	-0.0121	-0.0119	-0.0091	0.0014	-0.0042	0.0651
108	-0.0209	-0.0024	-0.0000	-0.0000	-0.0000	-0.0007	-0.0000	0.0601	-0.0000	-0.0000	-0.0000	-0.0001	-0.0000	-0.0001	-0.0001	-0.0221	-0.0126	-0.0008	-0.0000	-0.0000	0.0601
135	-0.0011	0.0008	-0.0019	0.0195	-0.0039	0.0284	0.0012	-0.0035	-0.0089	-0.0031	0.0037	-0.0024	-0.0001	0.0010	-0.0051	-0.0121	-0.0044	-0.0130	0.0045	0.0002	0.0593
144	0.0009	-0.0001	-0.0014	0.0013	-0.0004	-0.0002	-0.0196	-0.0055	-0.0066	-0.0013	0.0004	0.0173	-0.0037	0.0167	-0.0051	0.0221	-0.0064	-0.0073	-0.0012	0.0001	0.0589
134	0.0001	-0.0041	-0.0012	0.0014	0.0179	0.0005	-0.0008	-0.0021	-0.0013	-0.0209	0.0025	-0.0036	-0.0001	0.0011	-0.0037	-0.0135	-0.0035	-0.0037	0.0036	0.0314	0.0584
35	0.0007	-0.0082	-0.0019	0.0017	-0.0052	0.0010	-0.0044	-0.0057	-0.0004	-0.0103	0.0026	-0.0044	0.0004	0.0015	-0.0030	-0.0099	-0.0022	-0.0027	0.0035	0.0471	0.0584
106	0.0050	-0.0014	-0.0000	-0.0001	-0.0065	-0.0002	0.0063	-0.0066	0.0015	-0.0058	0.0112	-0.0001	-0.0000	0.0076	-0.0114	-0.0123	-0.0042	-0.0037	0.0241	-0.0033	0.0556
156	0.0003	-0.0002	-0.0001	-0.0001	-0.0005	0.0007	-0.0039	-0.0160	-0.0007	0.0172	0.0024	-0.0014	0.0309	-0.0047	-0.0071	-0.0083	-0.0031	-0.0091	0.0033	0.0006	0.0553
73	-0.0007	-0.0000	-0.0000	-0.0000	-0.0000	-0.0000	-0.0000	0.0000	-0.0120	-0.0001	-0.0151	-0.0001	-0.0002	-0.0061	-0.0169	-0.0029	0.0542	-0.0000	-0.0000	-0.0000	0.0543
81	0.0329	0.0020	-0.0031	0.0017	-0.0015	0.0010	0.0023	-0.0026	0.0001	-0.0024	0.0045	-0.0008	-0.0001	0.0028	-0.0028	-0.0117	-0.0091	-0.0193	0.0058	0.0000	0.0532
125	-0.0010	-0.0012	-0.0000	-0.0000	-0.0040	-0.0009	-0.0009	-0.0114	0.0000	-0.0120	-0.0162	-0.0006	0.0049	-0.0009	0.0477	0.0003	-0.0004	-0.0004	-0.0028	-0.0000	0.0530
31	0.0031	0.0132	0.0042	0.0048	-0.0058	0.0019	0.0038	-0.0072	0.0013	-0.0086	0.0062	0.0003	0.0026	0.0044	-0.0053	-0.0151	-0.0015	-0.0023	0.0063	-0.0066	0.0523
52	-0.0051	0.0000	-0.0031	-0.0004	-0.0051	-0.0022	0.0003	-0.0085	-0.0011	-0.0117	0.0008	-0.0017	-0.0004	0.0006	-0.0007	-0.0049	-0.0027	0.0459	0.0024	-0.0024	0.0500
65	-0.0037	-0.0001	-0.0001	-0.0003	-0.0070	-0.0019	0.0003	-0.0089	-0.0006	-0.0125	0.0011	-0.0003	-0.0001	0.0007	-0.0050	-0.0065	-0.0029	0.0449	0.0026	0.0002	0.0497
126	-0.0000	-0.0003	-0.0000	-0.0000	-0.0237	-0.0000	-0.0025	-0.0001	-0.0001	-0.0145	-0.0070	-0.0000	-0.0000	-0.0000	-0.0000	-0.0000	-0.0000	0.0495	-0.0010	-0.0000	0.0495
15	-0.0030	-0.0026	0.0008	0.0012	-0.0038	0.0004	0.0005	-0.0105	-0.0012	-0.0124	0.0021	-0.0059	-0.0019	0.0010	-0.0033	0.0344	0.0041	-0.0036	0.0031	0.0004	0.0482
51	-0.0038	-0.0026	-0.0068	-0.0015	-0.0013	0.0351	0.0016	-0.0010	-0.0005	-0.0036	0.0035	-0.0013	-0.0005	0.0021	-0.0049	-0.0139	-0.0029	-0.0026	0.0047	0.0001	0.0471
28	-0.0015	-0.0020	-0.0000	-0.0001	-0.0072	-0.0012	-0.0023	0.0464	-0.0000	-0.0144	-0.0016	-0.0004	-0.0000	-0.0004	-0.0000	-0.0009	-0.0007	-0.0094	0.0006	-0.0046	0.0469
45	-0.0013	-0.0009	0.0012	0.0016	-0.0050	0.0007	0.0009	-0.0021	-0.0009	-0.0037	0.0026	-0.0016	-0.0130	0.0013	-0.0032	0.0329	-0.0052	-0.0035	0.0033	-0.0042	0.0446
185	-0.0002	-0.0015	-0.0001	-0.0004	0.0059	0.0001	-0.0042	-0.0104	-0.0001	-0.0167	0.0018	-0.0001	-0.0012	0.0006	-0.0001	-0.0004	-0.0032	-0.0058	0.0027	0.0332	0.0443
34	0.0004	0.0027	0.0179	0.0017	-0.0032	-0.0005	0.0015	-0.0068	0.0007	-0.0017	0.0055	-0.0025	0.0020	0.0038	-0.0024	-0.0094	-0.0021	-0.0093	0.0070	-0.0055	0.0433
139	-0.0030	-0.0035	-0.0006	-0.0002	-0.0022	-0.0011	-0.0008	-0.0022	-0.0026	-0.0063	0.0008	-0.0033	-0.0001	-0.0004	-0.0048	0.0402	-0.0066	-0.0053	0.0019	0.0001	0.0430
174	-0.0010	-0.0011	0.0073	0.0008	-0.0047	0.0101	0.0005	-0.0001	-0.0016	-0.0133	0.0027	0.0165	-0.0003	0.0012	-0.0066	-0.0066	-0.0039	-0.0001	0.0039	-0.0037	0.0430
178	0.0008	-0.0038	-0.0001	0.0022	0.0101	-0.0001	0.0002	-0.0050	-0.0001	-0.0069	0.0032	-0.0045	-0.0001	0.0019	-0.0014	-0.0146	-0.0028	-0.0035	0.0044	0.0200	0.0428
79	0.0023	0.0026	0.0036	0.0038	-0.0047	-0.0010	-0.0042	-0.0000	-0.0036	-0.0049	0.0060	-0.0011	-0.0000	0.0165	-0.0041	-0.0123	-0.0033	-0.0007	0.0079	-0.0027	0.0428
69	-0.0037	-0.0025	-0.0001	-0.0000	-0.0079	-0.0014	-0.0000	-0.0000	-0.0010	-0.0019	-0.0012	-0.0056	-0.0000	-0.0021	-0.0052	-0.0026	-0.0057	-0.0002	-0.0005	0.0420	0.0420
13	0.0018	0.0020	-0.0001	0.0031	-0.0029	0.0021	0.0009	-0.0009	-0.0034	-0.0097	0.0043	0.0190	-0.0001	0.0028	-0.0022	-0.0106	-0.0037	-0.0021	0.0055	-0.0060	0.0416
136	0.0018	-0.0002	-0.0001	0.0031	-0.0027	-0.0006	0.0012	-0.0079	-0.0006	-0.0142	0.0040	-0.0004	-0.0001	0.0022	0.0234	-0.0085	-0.0034	-0.0023	0.0050	0.0003	0.0411
133	0.0005	0.0015	0.0022	0.0027	-0.0037	0.0016	-0.0021	-0.0034	-0.0003	-0.0018	0.0039	-0.0011	0.0207	0.0021	-0.0032	-0.0128	-0.0088	-0.0034	0.0052	0.0003	0.0407
76	-0.0056	-0.0012	0.0234	0.0121	-0.0008	-0.0054	-0.0027	-0.0000	-0.0005	-0.0000	0.0016	-0.0065	-0.0000	-0.0019	-0.0000	-0.0078	-0.0031	-0.0051	0.0034	0.0000	0.0406
6	0.0020	0.0111	0.0031	0.0037	-0.0066	0.0011	0.0027	-0.0068	0.0002	-0.0047	0.0052	-0.0008	0.0015	0.0034	-0.0015	-0.0128	-0.0027	-0.0035	0.0051	0.0001	0.0393
8	-0.0005	-0.0005	0.0005	0.0009	0.0322	-0.0002	0.0003	-0.0091	-0.0000	-0.0157	0.0018	-0.0002	-0.0006	0.0007	-0.0000	-0.0003	-0.0006	-0.0067	0.0027	-0.0044	0.0390
194	-0.0021	-0.0000	-0.0069	0.0008	-0.0000	-0.0007	-0.0000	-0.0090	-0.0000	-0.0108	-0.0000	-0.0000	-0.0000	-0.0000	-0.0027	-0.0000	-0.0025	0.0367	-0.0002	-0.0023	0.0375
121	0.0008	-0.0032	-0.0000	0.0020	0.0150	0.0011	0.0003	-0.0080	-0.0004	-0.0144	0.0030	-0.0054	0.0005	0.0018	-0.0001	-0.0018	-0.0001	-0.0024	0.0040	0.0076	0.0360
104	-0.0013	-0.0011	-0.0001	-0.0001	-0.0054	-0.0004	-0.0035	0.0075	-0.0001	0.0265	-0.0011	-0.0001	-0.0001	-0.0001	-0.0001	-0.0020	-0.0097	-0.0065	0.0012	-0.0036	0.0352
47	0.0017	-0.0001	-0.0001	-0.0001	0.0221	-0.0001	0.0021	-0.0062	0.0006	-0.0148	0.0035	-0.0016	-0.0019	-0.0001	-0.0013	-0.0017	-0.0011	-0.0025	0.0044	-0.0030	0.0345
91	0.0011	-0.0024	-0.0000	0.0020	-0.0031	0.0014	-0.0077	-0.0044	0.0002	-0.0083	0.0028	-0.0021	0.0009	0.0018	-0.0015	-0.0028	-0.0002	-0.0018	0.0036	0.0204	0.0342
145	-0.0099	-0.0002	-0.0000	-0.0005	-0.0001	-0.0044	-0.0000	-0.0005	-0.0000	-0.0001	-0.0009	-0.0000	0.0282	-0.0001	-0.0006	-0.0053	-0.0011	-0.0042	-0.0000	-0.0000	0.0282
113	-0.0050	0.0026	0.0000	-0.0000	-0.0000	0.0003	-0.0000	-0.0000	-0.0000	-0.0000	-0.0000	0.0002	0.0008	-0.0000	0.0006	-0.0231	0.0237	-0.0000	-0.0000	-0.0000	0.0282
89	0.0201	0.0029	-0.0000	-0.0000	-0.0005	-0.0028	0.0032	-0.0044	-0.0000	-0.0000	-0.0004	-0.0014	0.0015	-0.0003	-0.0003	-0.0064	-0.0031	-0.0079	-0.0000	0.0001	0.0278
105	0.0176	0.0012	-0.0000	-0.0000	-0.0016	0.0000	0.0015	-0.0040	-0.0000	-0.0000	0.0030	-0.0004	-0.0000	-0.0002	-0.0000	-0.0075	-0.0041	-0.0096	0.0039	0.0003	0.0276
21	0.0007	-0.0036	-0.0000	0.0019	-0.0044	0.0011	-0.0008	-0.0029	-0.0000	-0.0013	0.0029	-0.0033	0.0004	0.0016	-0.0000	-0.0049	-0.0024	-0.0030	0.0039	0.0144	0.0269
57	0.0013	0.0014	0.0018	0.0021	-0.0036	0.0015	-0.0008	-0.0044	0.0005	0.0111	0.0023	0.0000	-0.0037	0.0007	-0.0048	-0.0053	-0.0008	-0.0030	0.0033	0.0002	0.0264
11	-0.0016	0.0011	-0.0010	-0.0008	-0.0059	-0.0005	-0.0007	-0.0047	-0.0000	-0.0078	0.0015	-0.0006	0.0007	0.0015	-0.0001	-0.0015	-0.0011	0.0185	0.0029	0.0001	0.0263
67	0.0232	0.0028	-0.0000	-0.0000	-0.0005	-0.0004	-0.0000	-0.0030	-0.0000	-0.0069	-0.0000	-0.0000	-0.0000	-0.0000	-0.0000	-0.0043	-0.0072	-0.0033	-0.0000	0.0001	0.0261
143	-0.0000	0.0000	-0.0000	-0.0000	0.0255	-0.0000	-0.0045	-0.0002	-0.0000	-0.0094	-0.0021	-0.0000	-0.0000	-0.0000	-0.0000	-0.0000	-0.0000	-0.0003	-0.0011	-0.0076	0.0255
170	-0.0048	-0.0000	-0.0000	-0.0006	-0.0016	-0.0022	-0.0027	-0.0000	-0.0042	-0.0001	-0.0014	-0.0004	-0.0006	-0.0023	-0.0007	0.0242	-0.0022	-0.0000	-0.0005	0.0000	0.0242
17	-0.0018	-0.0008	-0.0000	-0.0000	0.0108	-0.0009	0.0015	-0.0031	-0.0000	-0.0018	0.0037	-0.0000	0.0004	-0.0006	-0.0003	-0.0016	-0.0005	-0.0048	0.0050	-0.0050	0.0214
12	0.0017	-0.0009	-0.0000	-0.0000	0.0121	-0.0001	-0.0000	-0.0045	-0.0006	-0.0112	0.0032	-0.0000	-0.0000	-0.0001	-0.0003	-0.0001	-0.0006	-0.0022	0.0039	0.0000	0.0209
94	-0.0003	-0.0000	-0.0000	-0.0000	-0.0012	0.0001	0.0003	-0.0000	0.0181	-0.0003	0.0019	-0.0067	-0.0000	-0.0022	-0.0053	-0.0028	-0.0000	-0.0013	-0.0000	0.0000	0.0204
38	-0.0002	-0.0000	0.0003	0.0006	-0.0046	0.0000	-0.0007	-0.0057	-0.0005	0.0161	0.0011	-0.0006	-0.0007	-0.0011	-0.0005	-0.0006	-0.0011	-0.0038	0.0017	0.0002	0.0200
118	0.0006	0.0008	-0.0001	0.0019	-0.0006	0.0010	-0.0002	-0.0001	-0.0005	-0.0002	0.0030	0.0069	-0.0000	0.0016	-0.0011	-0.0029	-0.0063	-0.0033	0.0041	-0.0047	0.0199
50	-0.0000	-0.0001	-0.0000	0.0007	-0.0058	-0.0000	-0.0044	-0.0041	-0.0000	-0.0000	0.0017	-0.0000	-0.0000	0.0005	-0.0001	-0.0003	-0.0032	-0.0010	0.0028	0.0133	0.0191
49	-0.0001	0.0086	-0.0000	-0.0000	-0.0077	-0.0000	-0.0000	-0.0004	-0.0000	-0.0020	0.0044	-0.0000	-0.0000	-0.0000	-0.0000	-0.0000	-0.0032	-0.0046	0.0052	0.0000	0.0182
99	-0.0000	-0.0000	-0.0000	-0.0000	0.0073	-0.0000	0.0017	-0.0022	-0.0000	-0.0083	0.0035	-0.0000	-0.0000	-0.0000	-0.0000	-0.0000	-0.0000	-0.0018	0.0046	-0.0045	0.0170
23	-0.0001	-0.0003	-0.0000	-0.0000	-0.0068	-0.0000	-0.0014	-0.0000	-0.0000	-0.0000	-0.0000	-0.0000	-0.0012	-0.0001	-0.0000	-0.0012	-0.0000	-0.0002	0.0164	-0.0051	0.0164
74	-0.0028	-0.0006	-0.0000	-0.0003	-0.0000	0.0059	-0.0005	-0.0000	-0.0016	-0.0000	0.0019	-0.0001	-0.0000	0.0001	-0.0003	-0.0016	-0.0000	-0.0000	-0.0000	0.0000	0.0079
165	-0.0000	-0.0000	-0.0000	0.0003	-0.0061	-0.0000	-0.0009	-0.0001	-0.0000	-0.0000	0.0012	-0.0001	-0.0000	0.0001	-0.0000	-0.0000	-0.0000	-0.0000	0.0021	0.0038	0.0074
93	-0.0000	-0.0000	-0.0000	0.0002	-0.0066	-0.0000	-0.0000	-0.0000	-0.0000	-0.0000	0.0011	-0.0000	-0.0000	-0.0000	-0.0000	-0.0000	-0.0000	-0.0000	0.0020	0.0034	0.0067
159	-0.0000	-0.0000	-0.0000	-0.0000	-0.0024	-0.0000	-0.0030	-0.0000	-0.0000	-0.0000	0.0008	-0.0000	-0.0000	-0.0000	-0.0000	-0.0000	-0.0000	-0.0000	0.0017	0.0031	0.0056
68	-0.0000	-0.0000	0.0054	-0.0000	-0.0000	-0.0000	-0.0047	-0.0000	-0.0000	-0.0000	-0.0002	-0.0000	-0.0000	-0.0000	-0.0000	-0.0000	-0.0004	-0.0000	-0.0000	0.0000	0.0054
167	-0.0000	-0.0000	-0.0000	-0.0000	0.0039	-0.0000	-0.0000	-0.0000	-0.0000	-0.0000	-0.0000	-0.0000	-0.0000	-0.0000	-0.0000	-0.0000	-0.0000	-0.0000	-0.0000	-0.0038	0.0039
157	-0.0000	-0.0000	0.0001	-0.0000	-0.0000	0.0009	0.0000	-0.0000	-0.0000	-0.0000	-0.0000	-0.0015	-0.0000	-0.0000	-0.0000	0.0006	-0.0000	-0.0000	-0.0000	-0.0000	0.0015
70	-0.0000	-0.0000	-0.0000	-0.0000	0.0002	-0.0000	-0.0000	-0.0000	-0.0000	-0.0000	-0.0000	-0.0000	-0.0000	-0.0000	-0.0000	-0.0000	-0.0000	-0.0000	-0.0000	0.0000	0.0002
131	-0.0000	-0.0000	-0.0000	-0.0000	-0.0000	-0.0000	-0.0000	0.0000	-0.0000	0.0000	0.0000	-0.0000	-0.0000	-0.0000	-0.0000	-0.0000	-0.0000	0.0000	-0.0000	0.0000	0.0000
162	-0.0000	-0.0000	-0.0000	-0.0000	-0.0000	-0.0000	-0.0000	0.0000	-0.0000	0.0000	0.0000	-0.0000	-0.0000	-0.0000	-0.0000	-0.0000	-0.0000	0.0000	-0.0000	0.0000	0.0000
137	-0.0000	-0.0000	0.0000	-0.0000	-0.0000	-0.0000	-0.0000	-0.0000	-0.0000	-0.0000	-0.0000	-0.0000	-0.0000	-0.0000	-0.0000	-0.0000	-0.0000	-0.0000	-0.0000	0.0000	0.0000
96	0.0000	-0.0000	-0.0000	-0.0000	-0.0000	0.0000	-0.0000	-0.0000	-0.0000	-0.0000	-0.0000	0.0000	0.0000	-0.0000	-0.0000	0.0000	-0.0000	-0.0000	-0.0000	0.0000	0.0000
19	0.0000	0.0000	-0.0000	-0.0000	-0.0000	-0.0000	-0.0000	-0.0000	-0.0000	-0.0000	-0.0000	0.0000	0.0000	-0.0000	-0.0000	0.0000	-0.0000	-0.0000	-0.0000	0.0000	0.0000
107	-0.0000	0.0000	-0.0000	-0.0000	-0.0000	-0.0000	-0.0000	-0.0000	-0.0000	-0.0000	-0.0000	0.0000	0.0000	-0.0000	-0.0000	-0.0000	-0.0000	-0.0000	-0.0000	0.0000	0.0000
77	-0.0000	-0.0000	-0.0000	-0.0000	-0.0000	-0.0000	-0.0000	0.0000	-0.0000	0.0000	0.0000	-0.0000	-0.0000	-0.0000	-0.0000	-0.0000	-0.0000	0.0000	-0.0000	0.0000	0.0000
180	-0.0000	0.0000	-0.0000	-0.0000	-0.0000	-0.0000	-0.0000	0.0000	-0.0000	-0.0000	-0.0000	-0.0000	-0.0000	-0.0000	-0.0000	-0.0000	-0.0000	0.0000	-0.0000	0.0000	0.0000
72	-0.0000	0.0000	-0.0000	-0.0000	-0.0000	-0.0000	-0.0000	0.0000	-0.0000	0.0000	-0.0000	-0.0000	-0.0000	-0.0000	-0.0000	-0.0000	-0.0000	0.0000	-0.0000	0.0000	0.0000
95	-0.0000	-0.0000	-0.0000	-0.0000	-0.0000	-0.0000	-0.0000	0.0000	-0.0000	0.0000	0.0000	-0.0000	-0.0000	-0.0000	-0.0000	-0.0000	-0.0000	0.0000	-0.0000	0.0000	0.0000
20	0.0000	-0.0000	-0.0000	-0.0000	-0.0000	-0.0000	-0.0000	0.0000	-0.0000	-0.0000	-0.0000	-0.0000	0.0000	-0.0000	-0.0000	-0.0000	-0.0000	0.0000	-0.0000	0.0000	0.0000
127	0.0000	-0.0000	-0.0000	-0.0000	-0.0000	-0.0000	-0.0000	-0.0000	0.0000	-0.0000	-0.0000	-0.0000	-0.0000	-0.0000	0.0000	-0.0000	-0.0000	-0.0000	-0.0000	0.0000	0.0000
166	-0.0000	-0.0000	-0.0000	-0.0000	-0.0000	0.0000	-0.0000	-0.0000	-0.0000	-0.0000	-0.0000	0.0000	-0.0000	-0.0000	-0.0000	-0.0000	-0.0000	-0.0000	-0.0000	0.0000	0.0000
71	-0.0000	-0.0000	-0.0000	-0.0000	-0.0000	-0.0000	-0.0000	0.0000	-0.0000	-0.0000	-0.0000	-0.0000	-0.0000	-0.0000	-0.0000	-0.0000	0.0000	0.0000	-0.0000	0.0000	0.0000
176	-0.0000	-0.0000	-0.0000	-0.0000	-0.0000	-0.0000	-0.0000	-0.0000	-0.0000	-0.0000	0.0000	0.0000	-0.0000	0.0000	-0.0000	-0.0000	-0.0000	-0.0000	-0.0000	0.0000	0.0000
183	-0.0000	-0.0000	-0.0000	-0.0000	-0.0000	-0.0000	-0.0000	0.0000	-0.0000	0.0000	0.0000	-0.0000	-0.0000	-0.0000	-0.0000	-0.0000	-0.0000	-0.0000	-0.0000	0.0000	0.0000
161	0.0000	-0.0000	-0.0000	-0.0000	-0.0000	-0.0000	-0.0000	-0.0000	-0.0000	-0.0000	-0.0000	-0.0000	0.0000	-0.0000	-0.0000	-0.0000	-0.0000	-0.0000	-0.0000	0.0000	0.0000
102	-0.0000	0.0000	-0.0000	-0.0000	-0.0000	-0.0000	-0.0000	-0.0000	-0.0000	-0.0000	-0.0000	-0.0000	-0.0000	-0.0000	-0.0000	-0.0000	-0.0000	-0.0000	-0.0000	0.0000	0.0000
25	-0.0000	-0.0000	-0.0000	-0.0000	-0.0000	-0.0000	0.0000	-0.0000	-0.0000	-0.0000	-0.0000	-0.0000	-0.0000	-0.0000	0.0000	-0.0000	-0.0000	-0.0000	-0.0000	0.0000	0.0000
182	-0.0000	-0.0000	-0.0000	-0.0000	-0.0000	-0.0000	-0.0000	0.0000	-0.0000	-0.0000	-0.0000	-0.0000	-0.0000	-0.0000	-0.0000	-0.0000	-0.0000	0.0000	-0.0000	0.0000	0.0000
80	-0.0000	-0.0000	-0.0000	-0.0000	-0.0000	-0.0000	-0.0000	0.0000	-0.0000	-0.0000	-0.0000	-0.0000	-0.0000	-0.0000	-0.0000	-0.0000	-0.0000	0.0000	-0.0000	0.0000	0.0000
181	-0.0000	-0.0000	-0.0000	-0.0000	-0.0000	-0.0000	-0.0000	-0.0000	-0.0000	-0.0000	-0.0000	-0.0000	-0.0000	-0.0000	-0.0000	-0.0000	-0.0000	0.0000	-0.0000	0.0000	0.0000
82	-0.0000	-0.0000	-0.0000	-0.0000	-0.0000	-0.0000	-0.0000	-0.0000	-0.0000	-0.0000	-0.0000	-0.0000	0.0000	-0.0000	-0.0000	-0.0000	-0.0000	-0.0000	-0.0000	0.0000	0.0000
88	-0.0000	-0.0000	-0.0000	-0.0000	-0.0000	-0.0000	-0.0000	0.0000	-0.0000	-0.0000	-0.0000	-0.0000	-0.0000	-0.0000	-0.0000	-0.0000	-0.0000	0.0000	-0.0000	0.0000	0.0000
103	-0.0000	-0.0000	-0.0000	-0.0000	-0.0000	-0.0000	-0.0000	0.0000	-0.0000	-0.0000	-0.0000	-0.0000	-0.0000	-0.0000	-0.0000	-0.0000	-0.0000	0.0000	-0.0000	0.0000	0.0000
112	-0.0000	-0.0000	0.0000	-0.0000	-0.0000	-0.0000	-0.0000	-0.0000	-0.0000	-0.0000	-0.0000	-0.0000	-0.0000	-0.0000	-0.0000	-0.0000	-0.0000	-0.0000	-0.0000	0.0000	0.0000
86	-0.0000	-0.0000	-0.0000	-0.0000	-0.0000	0.0000	-0.0000	-0.0000	-0.0000	-0.0000	-0.0000	-0.0000	-0.0000	-0.0000	-0.0000	-0.0000	-0.0000	-0.0000	-0.0000	0.0000	0.0000
177	-0.0000	-0.0000	-0.0000	-0.0000	-0.0000	-0.0000	-0.0000	-0.0000	-0.0000	-0.0000	-0.0000	-0.0000	0.0000	-0.0000	-0.0000	-0.0000	-0.0000	-0.0000	-0.0000	0.0000	0.0000
101	-0.0000	-0.0000	-0.0000	-0.0000	-0.0000	0.0000	-0.0000	-0.0000	-0.0000	-0.0000	-0.0000	-0.0000	-0.0000	-0.0000	-0.0000	-0.0000	-0.0000	-0.0000	-0.0000	0.0000	0.0000
172	-0.0000	-0.0000	-0.0000	-0.0000	-0.0000	0.0000	-0.0000	-0.0000	-0.0000	-0.0000	-0.0000	-0.0000	-0.0000	-0.0000	-0.0000	-0.0000	-0.0000	-0.0000	-0.0000	0.0000	0.0000
92	-0.0000	-0.0000	-0.0000	-0.0000	-0.0000	-0.0000	-0.0000	-0.0000	-0.0000	-0.0000	-0.0000	0.0000	-0.0000	-0.0000	-0.0000	-0.0000	-0.0000	-0.0000	-0.0000	0.0000	0.0000
158	-0.0000	0.0000	-0.0000	-0.0000	-0.0000	-0.0000	-0.0000	-0.0000	-0.0000	-0.0000	-0.0000	-0.0000	-0.0000	-0.0000	-0.0000	-0.0000	-0.0000	-0.0000	-0.0000	0.0000	0.0000
150	-0.0000	0.0000	-0.0000	-0.0000	-0.0000	-0.0000	-0.0000	-0.0000	-0.0000	-0.0000	-0.0000	-0.0000	-0.0000	-0.0000	-0.0000	-0.0000	-0.0000	-0.0000	-0.0000	0.0000	0.0000
179	-0.0000	-0.0000	-0.0000	-0.0000	-0.0000	-0.0000	-0.0000	-0.0000	-0.0000	-0.0000	-0.0000	-0.0000	-0.0000	-0.0000	0.0000	-0.0000	-0.0000	-0.0000	-0.0000	0.0000	0.0000
124	-0.0000	-0.0000	-0.0000	-0.0000	-0.0000	-0.0000	-0.0000	-0.0000	-0.0000	-0.0000	-0.0000	-0.0000	-0.0000	-0.0000	0.0000	0.0000	-0.0000	-0.0000	-0.0000	0.0000	0.0000