# Omega fit to each site after fixing tree and all other parameters.
# Fits compared to null model of omega = 1.
# P-values NOT corrected for multiple testing, so consider Q-values too.
# Q-values computed separately for omega > and < 1 # Will fit different synonymous rate for each site.
#
site	omega	P	dLnL	Q
59	0.000	1.91e-05	9.137	0.00384
78	0.000	4.86e-05	8.251	0.00488
193	0.000	0.000166	7.090	0.0111
5	0.000	0.000432	6.193	0.0217
201	0.000	0.000774	5.652	0.0284
65	0.000	0.000989	5.424	0.0284
192	0.000	0.000977	5.435	0.0284
136	0.000	0.00192	4.812	0.0329
187	0.000	0.00141	5.098	0.0329
188	0.000	0.00163	4.964	0.0329
133	0.000	0.00194	4.803	0.0329
194	0.000	0.00196	4.793	0.0329
191	0.000	0.00231	4.642	0.0358
75	0.000	0.0031	4.374	0.0445
81	0.000	0.005	3.939	0.0535
123	0.000	0.00487	3.964	0.0535
145	0.062	0.00415	4.108	0.0535
178	0.024	0.00505	3.930	0.0535
186	0.000	0.00432	4.072	0.0535
56	0.000	0.00566	3.828	0.0535
60	0.000	0.00539	3.872	0.0535
85	0.000	0.00586	3.796	0.0535
62	0.000	0.00629	3.732	0.055
40	0.000	0.00772	3.548	0.0647
197	0.000	0.00833	3.481	0.0653
46	0.000	0.00845	3.468	0.0653
44	0.000	0.0111	3.224	0.0827
84	0.000	0.012	3.158	0.0859
39	0.000	0.0143	3.002	0.099
162	0.000	0.0154	2.934	0.103
66	0.000	0.0177	2.811	0.112
91	0.000	0.0178	2.805	0.112
146	0.061	0.0193	2.735	0.118
41	0.000	0.0255	2.493	0.138
9	0.119	0.0263	2.469	0.138
189	0.029	0.0257	2.488	0.138
200	0.000	0.026	2.478	0.138
53	0.000	0.0249	2.516	0.138
77	0.000	0.0267	2.454	0.138
37	0.091	0.0304	2.342	0.147
147	0.094	0.0307	2.334	0.147
97	0.000	0.0301	2.352	0.147
22	0.000	0.0343	2.241	0.153
196	0.000	0.0327	2.281	0.153
149	0.140	0.035	2.224	0.153
182	0.000	0.0338	2.253	0.153
198	0.000	0.0395	2.120	0.169
138	0.057	0.0419	2.070	0.172
98	0.000	0.0415	2.077	0.172
100	0.114	0.0453	2.004	0.182
1	0.000	0.0477	1.961	0.184
45	0.000	0.0472	1.970	0.184
18	0.103	0.0486	1.944	0.184
80	0.000	0.0528	1.874	0.193
33	0.000	0.0528	1.874	0.193
58	0.000	0.056	1.826	0.201
30	0.095	0.0586	1.788	0.204
71	0.000	0.0588	1.786	0.204
83	0.131	0.0618	1.744	0.207
128	0.032	0.0617	1.746	0.207
90	0.000	0.0644	1.710	0.21
73	0.059	0.0657	1.694	0.21
27	0.098	0.0658	1.693	0.21
144	0.180	0.0686	1.658	0.212
38	0.000	0.0684	1.661	0.212
95	0.000	0.0729	1.608	0.219
11	0.000	0.0726	1.612	0.219
139	0.000	0.0852	1.481	0.252
57	0.000	0.0889	1.447	0.259
48	0.116	0.0906	1.432	0.26
105	0.000	0.0999	1.353	0.265
151	0.225	0.097	1.377	0.265
2	0.000	0.0935	1.407	0.265
17	0.000	0.0977	1.371	0.265
108	0.191	0.0973	1.375	0.265
47	0.000	0.1	1.353	0.265
132	0.123	0.105	1.317	0.273
61	0.000	0.107	1.301	0.274
26	0.121	0.108	1.293	0.274
55	0.140	0.121	1.204	0.303
51	0.000	0.131	1.141	0.325
24	0.180	0.141	1.083	0.341
34	0.000	0.14	1.090	0.341
169	0.263	0.147	1.050	0.352
28	0.000	0.151	1.032	0.353
121	0.128	0.153	1.023	0.353
43	0.177	0.154	1.014	0.353
7	0.000	0.152	1.024	0.353
52	0.000	0.164	0.968	0.357
103	0.000	0.165	0.963	0.357
21	0.000	0.161	0.981	0.357
94	0.000	0.159	0.994	0.357
96	0.000	0.165	0.963	0.357
42	0.279	0.168	0.948	0.36
12	0.000	0.175	0.922	0.367
13	0.000	0.175	0.920	0.367
184	0.000	0.188	0.868	0.389
141	0.226	0.197	0.831	0.405
64	0.111	0.201	0.817	0.409
125	0.200	0.208	0.794	0.413
63	0.283	0.206	0.801	0.413
10	0.149	0.219	0.757	0.431
180	0.000	0.247	0.670	0.482
35	0.000	0.253	0.653	0.489
107	0.000	0.276	0.594	0.523
160	0.149	0.276	0.595	0.523
199	0.324	0.302	0.534	0.561
122	0.299	0.3	0.537	0.561
49	0.000	0.315	0.506	0.58
161	0.000	0.325	0.484	0.589
140	0.216	0.325	0.484	0.589
174	0.388	0.341	0.454	0.611
31	0.000	0.344	0.448	0.612
164	0.348	0.354	0.430	0.624
126	0.365	0.36	0.419	0.624
99	0.000	0.357	0.424	0.624
127	0.000	0.365	0.410	0.628
166	0.000	0.38	0.385	0.644
181	0.000	0.388	0.373	0.644
6	0.000	0.386	0.375	0.644
173	0.373	0.385	0.377	0.644
20	0.000	0.392	0.366	0.646
142	0.455	0.404	0.349	0.659
19	0.255	0.409	0.341	0.663
87	0.300	0.43	0.312	0.691
93	0.000	0.443	0.295	0.706
129	0.531	0.472	0.258	0.742
76	0.266	0.469	0.262	0.742
143	0.414	0.476	0.254	0.742
54	0.367	0.495	0.233	0.765
110	0.382	0.503	0.224	0.772
25	0.000	0.525	0.202	0.799
29	0.520	0.537	0.191	0.812
165	0.000	0.583	0.151	0.875
159	0.000	0.603	0.135	0.885
120	0.409	0.601	0.137	0.885
14	0.586	0.596	0.141	0.885
154	0.478	0.629	0.117	0.916
104	0.567	0.634	0.113	0.917
137	0.000	0.664	0.094	0.946
167	0.000	0.663	0.095	0.946
4	0.570	0.672	0.090	0.951
135	0.555	0.699	0.075	0.982
175	1.055	0.96	0.001	1
177	0.000	0.758	0.048	1
170	2.082	0.606	0.133	1
36	1.587	0.715	0.067	1
171	5.890	0.135	1.115	1
16	16.630	0.157	1.002	1
176	1.000	1	0.000	1
172	1.000	1	0.000	1
116	0.796	0.81	0.029	1
15	0.724	0.765	0.045	1
183	100.000	0.0276	2.425	1
74	0.000	0.869	0.014	1
185	100.000	0.367	0.407	1
72	0.804	0.864	0.015	1
70	0.000	0.785	0.037	1
69	0.751	0.838	0.021	1
190	100.000	0.398	0.358	1
68	0.000	0.75	0.051	1
8	0.000	0.955	0.002	1
67	0.000	0.972	0.001	1
195	0.000	0.946	0.002	1
3	0.000	0.946	0.002	1
50	0.000	0.976	0.000	1
179	0.000	0.911	0.006	1
79	1.000	1	0.000	1
158	1.000	1	0.000	1
82	0.000	0.834	0.022	1
117	100.000	0.0518	1.891	1
118	1.000	1	0.000	1
119	100.000	0.00707	3.627	1
114	0.785	0.811	0.029	1
113	1.981	0.526	0.201	1
112	0.000	0.926	0.004	1
124	0.000	0.884	0.011	1
111	95.117	0.272	0.603	1
109	100.000	0.188	0.867	1
130	92.371	0.442	0.295	1
131	0.693	0.779	0.039	1
106	1.000	1	0.000	1
134	100.000	0.283	0.577	1
23	1.000	1	0.000	1
102	0.000	0.803	0.031	1
92	0.000	0.8	0.032	1
148	0.925	0.957	0.001	1
89	0.000	0.966	0.001	1
150	1.000	0.999	0.000	1
88	1.000	1	0.000	1
152	1.231	0.861	0.015	1
153	1.000	0.999	0.000	1
155	100.000	0.037	2.175	1
156	0.749	0.794	0.034	1
157	37.115	0.419	0.327	1
115	1.558	0.752	0.050	1
86	0.000	0.921	0.005	1
32	0.000	0.948	0.002	1
163	2.668	0.551	0.178	1
168	1.858	0.654	0.100	1
101	1.000	1	0.000	1