# Omega fit to each site after fixing tree and all other parameters.
# Fits compared to null model of omega = 1.
# P-values NOT corrected for multiple testing, so consider Q-values too.
# Q-values computed separately for omega > and < 1 # Will fit different synonymous rate for each site.
#
site	omega	P	dLnL	Q
78	0.000	1.16e-05	9.614	0.00233
59	0.000	0.000128	7.334	0.0129
201	0.000	0.000335	6.432	0.0168
159	0.000	0.000298	6.542	0.0168
192	0.000	0.000755	5.675	0.0253
166	0.000	0.000657	5.804	0.0253
5	0.000	0.00117	5.265	0.0337
194	0.000	0.0024	4.607	0.0604
197	0.000	0.00296	4.415	0.0662
188	0.000	0.00331	4.315	0.0664
65	0.000	0.00398	4.146	0.0667
145	0.060	0.00386	4.173	0.0667
172	0.000	0.00454	4.027	0.0702
108	0.075	0.00502	3.936	0.0721
56	0.000	0.00603	3.770	0.0809
73	0.019	0.00729	3.600	0.0862
187	0.000	0.00714	3.619	0.0862
191	0.000	0.00872	3.439	0.0974
39	0.000	0.0108	3.249	0.114
186	0.000	0.0113	3.208	0.114
37	0.064	0.0124	3.124	0.119
62	0.000	0.0143	2.999	0.131
75	0.000	0.017	2.848	0.142
178	0.038	0.0164	2.877	0.142
40	0.000	0.0216	2.638	0.15
123	0.000	0.0224	2.607	0.15
85	0.000	0.019	2.752	0.15
138	0.056	0.0208	2.671	0.15
126	0.103	0.0222	2.614	0.15
174	0.106	0.0206	2.678	0.15
46	0.000	0.0238	2.553	0.155
193	0.000	0.0284	2.402	0.163
147	0.091	0.0282	2.408	0.163
9	0.118	0.0283	2.405	0.163
156	0.084	0.0278	2.420	0.163
198	0.000	0.0302	2.350	0.168
91	0.000	0.0312	2.322	0.169
200	0.000	0.0334	2.263	0.177
60	0.000	0.0357	2.206	0.184
136	0.000	0.0376	2.161	0.189
44	0.000	0.0401	2.106	0.197
146	0.073	0.0432	2.045	0.207
77	0.000	0.0464	1.984	0.217
11	0.000	0.0527	1.877	0.241
196	0.000	0.0588	1.786	0.257
100	0.135	0.0586	1.788	0.257
27	0.100	0.0624	1.736	0.267
66	0.000	0.0679	1.666	0.276
98	0.000	0.0661	1.688	0.276
149	0.170	0.0687	1.657	0.276
53	0.000	0.0735	1.601	0.279
125	0.114	0.0736	1.600	0.279
128	0.036	0.0749	1.587	0.279
28	0.000	0.074	1.596	0.279
2	0.000	0.0791	1.542	0.279
189	0.043	0.0773	1.561	0.279
26	0.098	0.079	1.543	0.279
97	0.000	0.0854	1.479	0.296
84	0.000	0.096	1.385	0.326
41	0.000	0.0988	1.362	0.326
58	0.000	0.0983	1.367	0.326
30	0.135	0.111	1.271	0.354
169	0.249	0.11	1.279	0.354
38	0.000	0.116	1.237	0.363
141	0.179	0.119	1.217	0.367
22	0.000	0.127	1.165	0.387
55	0.144	0.132	1.132	0.397
48	0.155	0.147	1.052	0.428
121	0.118	0.145	1.060	0.428
90	0.000	0.158	0.997	0.441
1	0.000	0.157	1.001	0.441
35	0.000	0.156	1.007	0.441
199	0.233	0.162	0.977	0.447
33	0.000	0.172	0.933	0.465
45	0.000	0.174	0.926	0.465
83	0.226	0.177	0.911	0.469
61	0.000	0.185	0.878	0.483
43	0.200	0.188	0.867	0.484
71	0.000	0.204	0.808	0.504
133	0.000	0.206	0.800	0.504
162	0.000	0.205	0.802	0.504
52	0.000	0.208	0.793	0.504
151	0.313	0.204	0.806	0.504
170	0.210	0.218	0.758	0.522
64	0.115	0.232	0.715	0.529
139	0.000	0.234	0.707	0.529
132	0.197	0.228	0.726	0.529
42	0.329	0.224	0.740	0.529
7	0.000	0.233	0.713	0.529
81	0.000	0.24	0.689	0.537
122	0.251	0.243	0.681	0.537
143	0.254	0.25	0.662	0.546
129	0.377	0.258	0.639	0.553
184	0.000	0.259	0.638	0.553
95	0.000	0.265	0.621	0.561
105	0.000	0.294	0.551	0.611
175	0.343	0.295	0.549	0.611
182	0.000	0.319	0.497	0.649
47	0.000	0.32	0.495	0.649
76	0.141	0.328	0.478	0.66
51	0.000	0.333	0.468	0.664
144	0.409	0.368	0.405	0.725
183	0.000	0.387	0.374	0.749
140	0.255	0.387	0.374	0.749
173	0.378	0.438	0.300	0.839
160	0.260	0.455	0.279	0.863
80	0.000	0.471	0.260	0.885
24	0.445	0.483	0.246	0.892
21	0.000	0.48	0.250	0.892
10	0.337	0.49	0.238	0.895
120	0.320	0.498	0.230	0.902
57	0.000	0.541	0.187	0.963
63	0.530	0.541	0.186	0.963
12	0.000	0.546	0.182	0.963
103	0.000	0.563	0.167	0.98
150	0.000	0.566	0.165	0.98
94	0.000	0.574	0.158	0.986
155	100.000	0.0602	1.765	1
161	0.000	0.807	0.030	1
4	1.000	1	0.000	1
23	1.000	1	0.000	1
158	0.000	0.668	0.092	1
152	1.547	0.718	0.065	1
181	0.000	0.815	0.027	1
3	0.000	0.961	0.001	1
180	0.000	0.672	0.089	1
157	0.543	0.694	0.077	1
153	0.321	0.867	0.014	1
16	100.000	0.0708	1.632	1
154	100.000	0.273	0.601	1
176	1.000	1	0.000	1
163	5.938	0.358	0.422	1
177	0.000	0.633	0.114	1
18	0.541	0.629	0.117	1
17	0.000	0.658	0.098	1
19	10.271	0.163	0.973	1
171	100.000	0.0372	2.170	1
15	2.322	0.453	0.281	1
8	0.000	0.956	0.002	1
168	0.437	0.653	0.101	1
6	0.000	0.65	0.103	1
167	0.000	0.907	0.007	1
14	4.704	0.403	0.350	1
185	100.000	0.0269	2.449	1
195	0.000	0.958	0.001	1
13	0.000	0.894	0.009	1
165	0.000	0.831	0.023	1
164	1.519	0.747	0.052	1
190	100.000	0.379	0.387	1
179	0.000	0.931	0.004	1
20	0.000	0.923	0.005	1
72	1.831	0.658	0.098	1
148	0.897	0.942	0.003	1
107	0.000	0.696	0.076	1
106	1.000	1	0.000	1
104	0.581	0.654	0.101	1
102	0.000	0.893	0.009	1
50	1.000	1	0.000	1
99	0.000	0.886	0.010	1
54	0.505	0.641	0.109	1
96	0.000	0.854	0.017	1
93	0.000	0.862	0.015	1
92	0.000	0.91	0.006	1
89	1.000	1	0.000	1
88	1.000	1	0.000	1
87	2.522	0.623	0.121	1
86	0.000	0.934	0.003	1
82	0.000	0.914	0.006	1
79	1.000	1	0.000	1
67	1.000	1	0.000	1
68	0.000	0.843	0.020	1
69	1.267	0.862	0.015	1
74	0.000	0.743	0.054	1
70	0.000	0.882	0.011	1
49	0.000	0.847	0.019	1
25	0.000	0.885	0.011	1
109	1.172	0.936	0.003	1
111	96.480	0.139	1.092	1
29	0.664	0.702	0.073	1
31	0.000	0.61	0.130	1
32	0.000	0.954	0.002	1
142	0.733	0.771	0.042	1
34	0.000	0.782	0.038	1
137	0.000	0.873	0.013	1
135	1.291	0.865	0.015	1
134	100.000	0.119	1.215	1
131	0.871	0.916	0.006	1
130	100.000	0.405	0.347	1
36	2.202	0.539	0.189	1
127	0.000	0.895	0.009	1
124	0.000	0.846	0.019	1
119	100.000	0.316	0.504	1
118	0.000	0.974	0.001	1
117	1.458	0.777	0.040	1
116	0.775	0.789	0.036	1
115	4.584	0.402	0.351	1
114	0.975	0.98	0.000	1
113	2.207	0.556	0.173	1
112	0.000	0.853	0.017	1
110	0.609	0.707	0.071	1
101	0.000	0.909	0.006	1