# Omega fit to each site after fixing tree and all other parameters.
# Fits compared to null model of omega = 1.
# P-values NOT corrected for multiple testing, so consider Q-values too.
# Q-values computed separately for omega > and < 1 # Will fit different synonymous rate for each site.
#
site	omega	P	dLnL	Q
133	0.000	1.02e-07	14.170	2.04e-05
136	0.000	6.97e-07	12.311	7.01e-05
78	0.000	1.33e-06	11.690	8.91e-05
5	0.000	1.87e-05	9.161	0.000558
70	0.000	1.26e-05	9.535	0.000558
107	0.000	1.61e-05	9.304	0.000558
59	0.000	1.94e-05	9.121	0.000558
193	0.000	2.59e-05	8.847	0.000652
194	0.000	4.93e-05	8.237	0.000877
93	0.000	5.12e-05	8.202	0.000877
182	0.000	5.02e-05	8.220	0.000877
124	0.000	5.38e-05	8.154	0.000877
166	0.000	5.67e-05	8.105	0.000877
177	0.000	6.67e-05	7.951	0.000958
191	0.000	8.48e-05	7.724	0.00107
162	0.000	8.38e-05	7.735	0.00107
187	0.000	9.48e-05	7.618	0.00112
17	0.000	0.000101	7.555	0.00113
201	0.000	0.000114	7.446	0.00114
192	0.000	0.000113	7.453	0.00114
159	0.000	0.000132	7.305	0.00127
150	0.000	0.000154	7.162	0.00134
75	0.000	0.000152	7.175	0.00134
49	0.000	0.000185	6.990	0.00155
81	0.000	0.000194	6.945	0.00156
183	0.000	0.000219	6.831	0.00164
60	0.000	0.00022	6.824	0.00164
65	0.000	0.000367	6.348	0.00263
161	0.000	0.0004	6.265	0.00264
71	0.000	0.000406	6.252	0.00264
188	0.000	0.000408	6.248	0.00264
68	0.000	0.000428	6.203	0.00269
44	0.000	0.00054	5.986	0.00328
46	0.000	0.000554	5.962	0.00328
178	0.013	0.000606	5.879	0.00348
95	0.000	0.000715	5.725	0.00399
25	0.000	0.000806	5.614	0.00429
137	0.000	0.000812	5.607	0.00429
80	0.000	0.000856	5.558	0.00441
91	0.000	0.00118	5.264	0.00537
186	0.000	0.00116	5.280	0.00537
197	0.000	0.00108	5.346	0.00537
123	0.000	0.00118	5.264	0.00537
73	0.011	0.00111	5.319	0.00537
99	0.000	0.00123	5.224	0.00549
138	0.020	0.0014	5.103	0.00612
57	0.000	0.0016	4.982	0.00682
101	0.000	0.00163	4.964	0.00682
146	0.022	0.00198	4.785	0.0081
126	0.025	0.00201	4.768	0.0081
77	0.000	0.00207	4.742	0.00817
11	0.000	0.00221	4.685	0.00853
9	0.041	0.0023	4.645	0.00869
172	0.000	0.00233	4.633	0.00869
85	0.000	0.00239	4.612	0.00873
19	0.026	0.0027	4.501	0.00968
38	0.000	0.00283	4.459	0.00996
108	0.048	0.00304	4.391	0.0105
174	0.047	0.00338	4.294	0.0113
149	0.049	0.00334	4.307	0.0113
22	0.000	0.00368	4.218	0.0121
82	0.000	0.00395	4.152	0.0128
84	0.000	0.00419	4.099	0.0134
18	0.034	0.0043	4.076	0.0135
189	0.010	0.00485	3.966	0.015
56	0.000	0.00502	3.937	0.0151
53	0.000	0.00505	3.931	0.0151
62	0.000	0.00561	3.836	0.0163
103	0.000	0.00555	3.846	0.0163
40	0.000	0.00615	3.752	0.0177
41	0.000	0.00659	3.690	0.0184
156	0.045	0.00652	3.700	0.0184
66	0.000	0.00755	3.568	0.0206
96	0.000	0.00759	3.564	0.0206
121	0.028	0.00813	3.502	0.0217
144	0.076	0.00832	3.482	0.0217
27	0.032	0.00826	3.488	0.0217
33	0.000	0.00869	3.443	0.0224
158	0.000	0.00892	3.419	0.0227
102	0.000	0.00921	3.391	0.0229
6	0.000	0.00921	3.391	0.0229
31	0.000	0.00972	3.343	0.0238
181	0.000	0.01	3.317	0.0242
30	0.042	0.0102	3.304	0.0243
83	0.060	0.0106	3.266	0.025
105	0.000	0.0111	3.224	0.0259
45	0.000	0.0112	3.217	0.0259
167	0.000	0.0114	3.204	0.026
90	0.000	0.0118	3.171	0.0266
47	0.000	0.0123	3.133	0.0275
131	0.045	0.0128	3.100	0.0282
97	0.000	0.0131	3.078	0.0286
142	0.094	0.0135	3.052	0.0291
132	0.027	0.0139	3.029	0.0294
98	0.000	0.0139	3.027	0.0294
169	0.077	0.0141	3.010	0.0296
39	0.000	0.0155	2.929	0.0321
143	0.045	0.0162	2.893	0.0331
198	0.000	0.017	2.847	0.0346
92	0.000	0.0174	2.830	0.0349
165	0.000	0.0188	2.761	0.0374
147	0.069	0.0191	2.746	0.0377
34	0.000	0.0212	2.653	0.0403
112	0.000	0.0212	2.653	0.0403
58	0.000	0.0209	2.667	0.0403
180	0.000	0.0207	2.676	0.0403
196	0.000	0.0228	2.590	0.0414
55	0.049	0.0225	2.605	0.0414
51	0.000	0.0221	2.618	0.0414
94	0.000	0.0225	2.603	0.0414
139	0.000	0.0228	2.592	0.0414
128	0.005	0.0247	2.523	0.0443
100	0.088	0.026	2.478	0.0462
2	0.000	0.0263	2.468	0.0464
7	0.000	0.0285	2.400	0.0497
127	0.000	0.0298	2.361	0.0512
179	0.000	0.0296	2.367	0.0512
21	0.000	0.0307	2.334	0.0523
86	0.000	0.0325	2.287	0.0548
13	0.000	0.0332	2.269	0.0555
74	0.000	0.0339	2.250	0.0563
200	0.000	0.0349	2.226	0.0574
173	0.031	0.0365	2.186	0.0597
28	0.000	0.0372	2.170	0.0604
170	0.064	0.0379	2.156	0.0609
14	0.133	0.0416	2.075	0.0664
12	0.000	0.0422	2.063	0.0668
1	0.000	0.0444	2.020	0.0698
52	0.000	0.0465	1.982	0.0724
151	0.148	0.0488	1.940	0.0755
20	0.000	0.0509	1.907	0.078
145	0.130	0.055	1.841	0.0837
184	0.000	0.0619	1.743	0.0936
64	0.041	0.0718	1.621	0.108
43	0.120	0.0745	1.590	0.111
157	0.012	0.0789	1.544	0.116
76	0.028	0.0788	1.545	0.116
122	0.156	0.0837	1.495	0.122
37	0.153	0.0911	1.427	0.132
104	0.155	0.105	1.317	0.15
48	0.128	0.109	1.282	0.156
63	0.165	0.112	1.262	0.159
61	0.000	0.117	1.229	0.164
116	0.220	0.121	1.204	0.168
140	0.073	0.122	1.195	0.169
26	0.158	0.122	1.193	0.169
199	0.090	0.126	1.173	0.172
10	0.098	0.128	1.159	0.174
141	0.152	0.13	1.147	0.175
120	0.115	0.162	0.976	0.218
24	0.209	0.196	0.835	0.26
129	0.286	0.196	0.835	0.26
113	0.232	0.227	0.730	0.298
35	0.000	0.233	0.710	0.303
29	0.273	0.232	0.715	0.303
72	0.236	0.239	0.693	0.308
42	0.331	0.243	0.683	0.31
69	0.225	0.267	0.616	0.34
54	0.191	0.273	0.602	0.345
125	0.117	0.278	0.589	0.349
160	0.122	0.293	0.553	0.365
110	0.295	0.312	0.512	0.387
15	0.318	0.326	0.482	0.402
114	0.418	0.406	0.345	0.498
87	0.209	0.422	0.322	0.515
117	0.329	0.426	0.316	0.516
135	0.317	0.452	0.282	0.544
36	0.571	0.673	0.089	0.805
152	0.557	0.684	0.083	0.809
148	0.576	0.684	0.083	0.809
154	0.679	0.794	0.034	0.933
195	0.000	0.93	0.004	1
3	0.000	0.949	0.002	1
50	0.000	0.929	0.004	1
185	75.473	0.685	0.082	1
109	100.000	0.361	0.417	1
190	100.000	0.379	0.387	1
23	0.000	0.962	0.001	1
130	100.000	0.463	0.269	1
8	0.000	0.926	0.004	1
119	100.000	0.364	0.413	1
118	0.000	0.943	0.003	1
134	100.000	0.511	0.216	1
4	1.030	0.981	0.000	1
163	3.404	0.526	0.201	1
16	100.000	0.183	0.888	1
106	0.000	0.962	0.001	1
153	1.001	0.999	0.000	1
155	100.000	0.319	0.496	1
176	0.000	0.955	0.002	1
175	1.417	0.731	0.059	1
111	4.764	0.654	0.101	1
79	0.000	0.955	0.002	1
171	100.000	0.202	0.814	1
88	0.000	0.931	0.004	1
89	0.000	0.931	0.004	1
168	1.159	0.905	0.007	1
32	0.000	0.932	0.004	1
164	2.310	0.648	0.104	1
115	100.000	0.148	1.048	1
67	0.000	0.949	0.002	1