# Omega fit to each site after fixing tree and all other parameters.
# Fits compared to null model of omega = 1.
# P-values NOT corrected for multiple testing, so consider Q-values too.
# Q-values computed separately for omega > and < 1 # Will fit different synonymous rate for each site.
#
site	omega	P	dLnL	Q
133	0.000	1.38e-07	13.876	2.77e-05
136	0.000	8.58e-07	12.112	8.62e-05
78	0.000	1.34e-06	11.682	8.98e-05
70	0.000	1.23e-05	9.561	0.000506
201	0.000	1.26e-05	9.536	0.000506
107	0.000	1.72e-05	9.236	0.00056
5	0.000	2.1e-05	9.049	0.00056
59	0.000	2.23e-05	8.991	0.00056
193	0.000	3.51e-05	8.558	0.000785
124	0.000	5.52e-05	8.130	0.00093
93	0.000	4.92e-05	8.239	0.00093
194	0.000	5.55e-05	8.125	0.00093
166	0.000	7.11e-05	7.891	0.000953
182	0.000	6.59e-05	7.963	0.000953
177	0.000	7.09e-05	7.893	0.000953
187	0.000	7.91e-05	7.789	0.000994
162	0.000	9.24e-05	7.643	0.00103
17	0.000	9.16e-05	7.651	0.00103
191	0.000	0.000104	7.535	0.0011
159	0.000	0.000131	7.312	0.00132
75	0.000	0.000158	7.135	0.00152
150	0.000	0.000172	7.058	0.00157
192	0.000	0.000182	7.005	0.00159
60	0.000	0.000219	6.832	0.00176
49	0.000	0.000218	6.836	0.00176
183	0.000	0.000277	6.611	0.00214
81	0.000	0.000357	6.372	0.00266
68	0.000	0.000403	6.258	0.0029
188	0.000	0.000476	6.103	0.00301
44	0.000	0.000487	6.082	0.00301
65	0.000	0.000479	6.097	0.00301
71	0.000	0.000461	6.133	0.00301
161	0.000	0.000494	6.069	0.00301
178	0.014	0.000548	5.972	0.00324
46	0.000	0.000593	5.898	0.00341
25	0.000	0.000735	5.699	0.00399
95	0.000	0.000722	5.715	0.00399
137	0.000	0.00085	5.565	0.00449
186	0.000	0.000986	5.426	0.00508
91	0.000	0.00113	5.300	0.00538
73	0.011	0.00108	5.340	0.00538
123	0.000	0.00113	5.300	0.00538
80	0.000	0.00115	5.283	0.00538
99	0.000	0.00127	5.191	0.00582
197	0.000	0.00131	5.167	0.00583
57	0.000	0.00197	4.791	0.00823
146	0.023	0.00195	4.797	0.00823
126	0.027	0.00196	4.791	0.00823
138	0.024	0.00206	4.749	0.00827
101	0.000	0.00202	4.766	0.00827
85	0.000	0.00227	4.657	0.00896
172	0.000	0.00283	4.456	0.0105
149	0.050	0.00294	4.423	0.0105
77	0.000	0.00284	4.454	0.0105
9	0.045	0.00299	4.407	0.0105
11	0.000	0.00296	4.415	0.0105
19	0.029	0.00296	4.416	0.0105
38	0.000	0.00344	4.280	0.0115
108	0.052	0.00338	4.294	0.0115
84	0.000	0.00335	4.303	0.0115
22	0.000	0.00413	4.113	0.0136
82	0.000	0.00426	4.085	0.0138
189	0.010	0.00442	4.052	0.0141
174	0.052	0.00487	3.963	0.0153
18	0.036	0.00522	3.901	0.0154
62	0.000	0.00519	3.906	0.0154
56	0.000	0.0051	3.921	0.0154
53	0.000	0.00527	3.892	0.0154
66	0.000	0.00501	3.938	0.0154
40	0.000	0.00574	3.815	0.0165
103	0.000	0.00606	3.766	0.0172
156	0.047	0.00686	3.655	0.0191
121	0.028	0.00698	3.639	0.0192
27	0.032	0.00706	3.629	0.0192
41	0.000	0.00781	3.538	0.0209
96	0.000	0.00826	3.489	0.0218
33	0.000	0.00856	3.456	0.0224
144	0.081	0.00929	3.383	0.0236
30	0.040	0.00924	3.388	0.0236
102	0.000	0.00954	3.360	0.0237
6	0.000	0.00954	3.360	0.0237
105	0.000	0.00981	3.335	0.024
158	0.000	0.0105	3.274	0.0254
181	0.000	0.0108	3.252	0.0258
83	0.065	0.0115	3.197	0.0269
31	0.000	0.0116	3.188	0.0269
167	0.000	0.0117	3.181	0.0269
45	0.000	0.0133	3.065	0.0303
47	0.000	0.0136	3.046	0.0307
142	0.101	0.0143	3.003	0.0308
143	0.048	0.0141	3.010	0.0308
90	0.000	0.0138	3.031	0.0308
98	0.000	0.0142	3.005	0.0308
131	0.046	0.0146	2.981	0.0312
132	0.030	0.0153	2.941	0.0322
97	0.000	0.0154	2.937	0.0322
39	0.000	0.0158	2.911	0.0328
92	0.000	0.0171	2.843	0.0351
147	0.070	0.018	2.799	0.0365
34	0.000	0.0192	2.742	0.0374
58	0.000	0.0189	2.755	0.0374
169	0.089	0.0192	2.743	0.0374
112	0.000	0.0192	2.742	0.0374
198	0.000	0.0196	2.726	0.0378
165	0.000	0.0208	2.673	0.0397
94	0.000	0.0219	2.626	0.0416
180	0.000	0.0227	2.597	0.0426
100	0.093	0.024	2.546	0.0445
55	0.053	0.0241	2.543	0.0445
196	0.000	0.0244	2.533	0.0446
139	0.000	0.0248	2.518	0.045
51	0.000	0.0261	2.476	0.0468
21	0.000	0.0276	2.427	0.0491
7	0.000	0.029	2.384	0.0511
127	0.000	0.0295	2.369	0.0515
179	0.000	0.0301	2.351	0.0522
2	0.000	0.0318	2.306	0.0545
200	0.000	0.0326	2.282	0.0556
13	0.000	0.0329	2.275	0.0556
86	0.000	0.0358	2.203	0.06
12	0.000	0.0363	2.192	0.0603
28	0.000	0.0372	2.172	0.0612
128	0.005	0.0382	2.149	0.0617
170	0.067	0.038	2.153	0.0617
1	0.000	0.0384	2.144	0.0617
74	0.000	0.0388	2.136	0.0618
14	0.140	0.0455	2.001	0.0719
52	0.000	0.0512	1.902	0.0803
151	0.155	0.0527	1.876	0.0822
145	0.141	0.0561	1.825	0.0867
20	0.000	0.0575	1.805	0.0882
173	0.038	0.0594	1.778	0.0904
184	0.000	0.0624	1.736	0.0943
122	0.148	0.0642	1.713	0.0963
64	0.043	0.0725	1.613	0.108
43	0.122	0.0748	1.587	0.111
157	0.013	0.0827	1.505	0.121
76	0.030	0.0887	1.449	0.129
37	0.158	0.0938	1.404	0.136
48	0.125	0.102	1.338	0.146
26	0.141	0.104	1.322	0.148
116	0.213	0.106	1.306	0.15
199	0.082	0.11	1.279	0.154
61	0.000	0.117	1.226	0.164
104	0.172	0.119	1.214	0.165
140	0.079	0.126	1.168	0.174
10	0.095	0.13	1.145	0.178
141	0.159	0.135	1.119	0.183
63	0.193	0.148	1.045	0.2
129	0.270	0.166	0.958	0.223
120	0.123	0.195	0.839	0.26
24	0.230	0.218	0.759	0.288
35	0.000	0.221	0.748	0.291
29	0.273	0.224	0.739	0.292
72	0.230	0.228	0.726	0.296
42	0.345	0.254	0.651	0.327
125	0.096	0.256	0.644	0.328
69	0.235	0.276	0.593	0.351
160	0.127	0.285	0.571	0.361
54	0.201	0.288	0.565	0.362
113	0.279	0.314	0.508	0.391
110	0.299	0.319	0.497	0.396
15	0.348	0.355	0.429	0.437
114	0.410	0.399	0.356	0.489
87	0.251	0.402	0.351	0.49
117	0.324	0.418	0.328	0.506
135	0.323	0.458	0.276	0.551
36	0.544	0.646	0.105	0.773
152	0.566	0.674	0.089	0.801
148	0.624	0.729	0.060	0.862
154	0.700	0.809	0.029	0.951
109	99.060	0.433	0.307	1
32	0.000	0.936	0.003	1
111	1.734	0.863	0.015	1
115	96.506	0.141	1.085	1
79	0.000	0.957	0.001	1
195	0.000	0.934	0.003	1
3	0.000	0.953	0.002	1
4	0.980	0.987	0.000	1
89	0.000	0.935	0.003	1
88	0.000	0.935	0.003	1
190	100.000	0.375	0.394	1
153	1.000	0.999	0.000	1
8	0.000	0.93	0.004	1
134	100.000	0.526	0.201	1
16	36.075	0.236	0.702	1
185	100.000	0.694	0.077	1
163	2.479	0.605	0.134	1
118	0.000	0.944	0.002	1
119	100.000	0.383	0.380	1
164	1.741	0.72	0.064	1
67	0.000	0.952	0.002	1
130	100.000	0.485	0.244	1
155	99.954	0.34	0.455	1
168	1.112	0.931	0.004	1
176	0.000	0.957	0.001	1
175	1.291	0.799	0.033	1
23	0.000	0.963	0.001	1
50	0.000	0.933	0.004	1
171	100.000	0.232	0.715	1
106	0.000	0.963	0.001	1