# Differential preferences fit to each site.
# Regularizing prior: ('invquadratic', 150.0, 0.5)
#
site	dpi_A	dpi_C	dpi_D	dpi_E	dpi_F	dpi_G	dpi_H	dpi_I	dpi_K	dpi_L	dpi_M	dpi_N	dpi_P	dpi_Q	dpi_R	dpi_S	dpi_T	dpi_V	dpi_W	dpi_Y	half_sum_abs_dpi
114	-0.0159	0.0017	-0.0017	0.0054	0.0007	0.1161	0.0054	-0.0487	0.0322	0.0265	-0.0598	-0.0097	-0.0009	0.0057	-0.0021	0.0094	-0.0647	-0.0023	0.0079	-0.0053	0.2110
160	0.0083	-0.0363	0.0097	-0.0067	0.0475	-0.0402	-0.0306	0.0043	0.0429	0.0155	0.0105	0.0393	0.0082	0.0089	-0.0357	-0.0523	0.0068	0.0056	-0.0033	-0.0023	0.2074
120	-0.0061	-0.0091	-0.0132	0.0921	-0.0113	0.0625	0.0016	-0.0227	-0.0177	-0.0241	-0.0027	-0.0613	-0.0009	0.0481	-0.0161	-0.0050	-0.0009	-0.0119	-0.0016	0.0004	0.2047
163	0.0249	-0.0183	-0.0007	0.0432	0.0051	-0.0486	-0.0528	-0.0398	-0.0027	-0.0086	0.0234	-0.0233	-0.0028	-0.0000	0.0479	0.0299	-0.0020	-0.0006	0.0056	0.0203	0.2002
109	0.0659	-0.0056	0.0140	0.0280	-0.0012	0.0056	-0.0065	-0.0088	0.0160	-0.0306	-0.0014	-0.1396	-0.0008	-0.0020	0.0316	0.0132	0.0053	0.0155	0.0015	-0.0001	0.1966
129	-0.0532	0.0041	-0.0004	0.0344	0.0001	0.0362	0.0045	-0.0413	-0.0144	-0.0075	0.0066	-0.0025	-0.0100	0.0049	-0.0034	0.0685	-0.0629	0.0227	0.0078	0.0056	0.1955
110	0.0045	0.0086	0.0079	-0.0051	0.0013	0.0081	0.0497	-0.0152	-0.0746	-0.0051	0.0046	0.0150	0.0043	0.0487	-0.0106	0.0237	-0.0514	0.0036	0.0126	-0.0307	0.1926
169	-0.0114	-0.0025	-0.0046	-0.0022	-0.0097	-0.0030	-0.0002	0.0431	-0.0076	-0.0460	-0.0039	-0.0087	-0.0237	0.1493	-0.0117	-0.0267	-0.0084	-0.0099	-0.0034	-0.0089	0.1924
113	-0.0424	-0.0008	-0.0005	-0.0005	-0.0005	-0.0123	0.0017	0.0522	0.0339	-0.0005	-0.0005	0.0017	0.0078	0.0027	0.0391	-0.1149	0.0253	0.0092	-0.0005	-0.0001	0.1736
97	-0.0071	-0.0044	0.1725	-0.0096	-0.0087	-0.0104	-0.0066	-0.0126	-0.0062	-0.0187	-0.0023	-0.0165	-0.0051	-0.0037	-0.0089	-0.0142	-0.0084	-0.0143	-0.0011	-0.0139	0.1725
142	-0.0080	-0.0041	0.0065	0.1026	-0.0148	-0.0008	-0.0102	-0.0017	-0.0035	-0.0466	-0.0008	0.0108	0.0516	-0.0181	-0.0008	-0.0017	-0.0085	-0.0187	-0.0111	-0.0221	0.1715
119	-0.0041	-0.0007	-0.0014	-0.0013	0.1102	-0.0044	0.0612	-0.0023	-0.0152	-0.0017	-0.0030	-0.0056	-0.0026	-0.0056	-0.0408	-0.0050	-0.0072	-0.0032	-0.0024	-0.0649	0.1715
10	0.0357	0.0058	0.0025	-0.0180	0.0018	0.0003	0.0057	-0.0067	-0.0704	-0.0079	0.0025	-0.0388	0.0048	0.0344	0.0465	0.0222	-0.0265	-0.0033	0.0091	0.0003	0.1715
197	-0.0056	-0.0025	-0.0019	-0.0015	-0.0070	-0.0026	-0.0058	-0.0111	-0.0044	-0.0540	-0.0002	-0.0051	0.1702	-0.0028	-0.0100	-0.0318	-0.0117	-0.0073	0.0010	-0.0059	0.1712
192	0.1675	-0.0037	-0.0067	-0.0039	-0.0081	-0.0064	-0.0034	-0.0121	-0.0055	-0.0183	-0.0015	-0.0062	-0.0070	-0.0030	-0.0083	-0.0212	-0.0190	-0.0255	-0.0004	-0.0071	0.1675
164	-0.0290	-0.0038	0.0329	-0.0027	-0.0103	0.0575	-0.0031	-0.0049	-0.0058	-0.0163	-0.0041	-0.0060	0.0111	-0.0030	0.0276	0.0366	-0.0637	-0.0081	-0.0017	-0.0032	0.1658
15	-0.0086	0.0053	0.0040	0.0040	0.0006	0.0050	0.0049	-0.0198	0.0007	-0.0065	0.0061	-0.0094	-0.0027	0.0044	-0.0007	0.1134	-0.1115	0.0012	0.0085	0.0010	0.1592
59	-0.0062	-0.0029	0.1566	-0.0073	-0.0075	-0.0083	-0.0051	-0.0140	-0.0048	-0.0178	-0.0007	-0.0153	-0.0037	-0.0022	-0.0077	-0.0132	-0.0072	-0.0220	0.0005	-0.0111	0.1571
115	-0.0542	0.0034	-0.0014	0.0436	-0.0006	0.0026	0.0038	-0.0208	0.0005	-0.0105	0.0053	0.0233	-0.0016	0.0459	-0.0007	0.0009	-0.0596	0.0138	0.0066	-0.0003	0.1496
16	-0.0063	0.0004	0.0047	0.0051	-0.0002	0.0012	0.0022	-0.0496	0.0346	-0.0106	0.0045	0.0210	-0.0108	0.0046	0.0541	0.0093	-0.0654	0.0000	0.0060	-0.0048	0.1476
198	-0.0038	-0.0034	-0.0029	-0.0089	-0.0075	-0.0035	-0.0031	-0.0190	0.1475	-0.0169	-0.0015	-0.0146	-0.0041	-0.0057	-0.0148	-0.0127	-0.0106	-0.0077	-0.0003	-0.0066	0.1475
1	-0.0035	-0.0031	-0.0079	-0.0022	-0.0072	-0.0032	-0.0057	-0.0186	-0.0127	-0.0166	-0.0010	0.1455	-0.0038	-0.0024	-0.0074	-0.0205	-0.0095	-0.0074	0.0000	-0.0126	0.1455
196	-0.0053	-0.0021	-0.0018	-0.0100	-0.0063	0.1426	-0.0015	-0.0103	-0.0037	-0.0164	0.0004	-0.0043	-0.0026	-0.0011	-0.0431	-0.0125	-0.0060	-0.0122	0.0013	-0.0052	0.1443
141	-0.0069	-0.0008	-0.0367	0.0250	-0.0056	-0.0099	-0.0037	-0.0105	-0.0049	-0.0151	0.0005	-0.0138	-0.0015	-0.0008	-0.0049	-0.0096	-0.0045	0.1134	0.0021	-0.0119	0.1411
191	-0.0059	-0.0024	-0.0020	-0.0016	-0.0069	-0.0027	-0.0059	-0.0111	-0.0043	-0.0279	-0.0003	-0.0051	0.1377	-0.0027	-0.0102	-0.0245	-0.0120	-0.0073	0.0011	-0.0059	0.1388
195	-0.0033	0.1384	-0.0024	-0.0020	-0.0117	-0.0070	-0.0027	-0.0106	-0.0046	-0.0162	-0.0009	-0.0052	-0.0022	-0.0023	-0.0141	-0.0209	-0.0067	-0.0072	-0.0026	-0.0156	0.1384
201	-0.0094	-0.0025	-0.0021	-0.0017	-0.0066	-0.0027	-0.0023	-0.0301	-0.0069	-0.0155	-0.0008	-0.0071	-0.0062	-0.0019	-0.0084	-0.0202	0.1364	-0.0068	0.0005	-0.0056	0.1369
56	-0.0036	-0.0032	-0.0027	-0.0073	-0.0071	-0.0033	-0.0029	-0.0120	0.1346	-0.0161	-0.0052	-0.0124	-0.0039	-0.0050	-0.0142	-0.0121	-0.0097	-0.0073	-0.0002	-0.0063	0.1346
61	-0.0023	0.1334	-0.0014	-0.0010	-0.0135	-0.0052	-0.0016	-0.0103	-0.0037	-0.0163	0.0003	-0.0044	-0.0027	-0.0012	-0.0132	-0.0227	-0.0061	-0.0066	-0.0017	-0.0198	0.1336
29	-0.0045	-0.0000	0.0012	0.0015	-0.0108	-0.0004	0.0010	-0.0340	-0.0009	-0.0116	0.0026	-0.0049	-0.0076	0.0014	-0.0049	0.1195	-0.0429	-0.0033	0.0036	-0.0052	0.1308
128	0.0410	0.0013	0.0020	-0.0011	-0.0055	0.0018	0.0517	-0.0062	-0.0123	-0.0181	0.0001	-0.0128	-0.0017	-0.0555	0.0212	0.0047	-0.0070	-0.0026	0.0051	-0.0062	0.1289
54	0.0455	0.0023	0.0020	0.0033	-0.0021	0.0016	-0.0023	-0.0061	0.0005	-0.0578	0.0046	-0.0003	0.0565	0.0029	-0.0051	-0.0383	-0.0095	-0.0038	0.0059	0.0000	0.1252
3	-0.0081	-0.0019	-0.0014	-0.0010	-0.0058	-0.0020	-0.0016	-0.0312	-0.0079	-0.0147	0.0001	-0.0044	-0.0051	-0.0013	-0.0086	-0.0188	0.1236	-0.0060	0.0011	-0.0050	0.1247
39	-0.0027	-0.0103	-0.0059	-0.0016	-0.0132	-0.0025	-0.0099	-0.0094	-0.0039	-0.0144	-0.0006	-0.0106	-0.0030	-0.0018	-0.0062	-0.0144	-0.0059	-0.0063	0.0004	0.1222	0.1226
111	0.0024	0.0029	0.0040	0.0027	-0.0066	0.0024	0.0442	-0.0032	0.0333	-0.0760	0.0009	-0.0005	-0.0107	0.0106	-0.0105	-0.0058	-0.0020	0.0121	0.0062	-0.0066	0.1217
200	-0.0060	-0.0056	-0.0021	-0.0017	-0.0200	-0.0026	-0.0023	-0.0092	-0.0040	-0.0144	-0.0007	-0.0045	-0.0103	-0.0019	-0.0062	0.1196	-0.0118	-0.0062	0.0001	-0.0105	0.1198
122	-0.0012	-0.0053	-0.0014	-0.0003	-0.0085	-0.0009	-0.0024	-0.0126	0.0291	-0.0340	-0.0002	-0.0050	-0.0009	-0.0009	-0.0059	-0.0224	-0.0049	-0.0095	0.0016	0.0855	0.1162
85	-0.0066	-0.0003	0.0002	0.0005	-0.0043	-0.0004	-0.0001	-0.0454	-0.0026	-0.0132	0.0016	-0.0063	-0.0063	0.0003	-0.0048	-0.0170	0.1099	-0.0045	0.0027	-0.0034	0.1152
193	-0.0079	-0.0009	-0.0015	-0.0009	-0.0055	-0.0020	-0.0017	-0.0271	-0.0068	-0.0135	-0.0009	-0.0048	-0.0052	-0.0014	-0.0076	-0.0161	0.1151	-0.0057	-0.0009	-0.0047	0.1151
186	-0.0052	-0.0012	-0.0063	0.1113	-0.0061	-0.0071	-0.0009	-0.0106	-0.0139	-0.0106	0.0012	-0.0040	-0.0021	-0.0026	-0.0064	-0.0124	-0.0059	-0.0147	0.0025	-0.0051	0.1150
40	-0.0024	-0.0020	-0.0069	-0.0011	-0.0063	-0.0021	-0.0043	-0.0069	-0.0109	-0.0160	0.0001	0.1129	-0.0027	-0.0013	-0.0065	-0.0178	-0.0087	-0.0065	0.0012	-0.0119	0.1142
2	-0.0018	-0.0014	-0.0010	-0.0007	-0.0214	-0.0015	-0.0012	0.1124	-0.0032	-0.0181	-0.0025	-0.0086	-0.0021	-0.0009	-0.0055	-0.0137	-0.0132	-0.0125	0.0014	-0.0044	0.1138
154	-0.0679	-0.0106	-0.0162	0.0206	-0.0008	-0.0016	-0.0005	0.0506	-0.0009	-0.0049	-0.0004	-0.0051	0.0231	-0.0017	0.0060	-0.0016	-0.0014	0.0044	0.0091	-0.0001	0.1138
36	0.0310	-0.0126	0.0002	0.0005	0.0409	-0.0004	-0.0000	-0.0191	-0.0023	-0.0194	0.0016	-0.0046	-0.0102	0.0004	-0.0048	-0.0343	0.0348	-0.0051	0.0031	0.0004	0.1130
152	-0.0356	-0.0018	-0.0032	0.0003	-0.0053	0.0262	-0.0003	-0.0083	-0.0024	-0.0162	0.0018	-0.0031	0.0609	-0.0004	-0.0058	0.0207	-0.0149	-0.0136	0.0030	-0.0021	0.1129
190	0.0635	0.0010	0.0015	-0.0030	-0.0033	0.0368	0.0012	-0.0071	-0.0008	-0.0129	0.0031	-0.0015	-0.0029	0.0016	-0.0039	-0.0169	-0.0165	-0.0416	0.0042	-0.0024	0.1129
62	-0.0002	-0.0022	0.0007	0.0011	0.1022	0.0001	0.0005	-0.0124	-0.0015	-0.0538	0.0023	-0.0021	-0.0005	0.0009	-0.0040	-0.0179	-0.0036	-0.0064	0.0033	-0.0067	0.1111
168	-0.0057	-0.0007	-0.0007	-0.0014	0.0309	-0.0066	-0.0281	-0.0006	0.0011	-0.0007	-0.0021	-0.0047	-0.0007	0.0334	-0.0101	-0.0409	0.0448	-0.0007	0.0004	-0.0068	0.1107
78	-0.0020	-0.0020	-0.0012	-0.0009	-0.0057	-0.0078	-0.0017	-0.0141	-0.0119	-0.0156	-0.0007	-0.0040	-0.0026	-0.0015	0.1100	-0.0193	-0.0087	-0.0059	0.0003	-0.0048	0.1103
125	-0.0313	-0.0085	-0.0007	-0.0007	-0.0298	0.0005	-0.0083	-0.0037	0.0004	0.0043	0.0134	-0.0080	-0.0003	-0.0004	0.0588	-0.0034	-0.0067	-0.0082	0.0326	0.0001	0.1100
7	-0.0032	-0.0002	0.0004	0.0009	-0.0051	-0.0003	-0.0037	-0.0095	-0.0022	-0.0290	0.0023	-0.0030	0.1029	-0.0000	-0.0082	-0.0269	-0.0096	-0.0053	0.0035	-0.0040	0.1100
5	-0.0025	-0.0087	-0.0014	-0.0012	0.0303	-0.0036	-0.0085	-0.0133	-0.0035	-0.0192	-0.0033	-0.0041	-0.0091	-0.0045	0.0134	-0.0160	-0.0055	0.0654	0.0001	-0.0050	0.1092
174	-0.0199	-0.0051	0.0177	0.0730	-0.0071	-0.0052	-0.0034	-0.0008	-0.0077	-0.0179	-0.0004	0.0166	-0.0043	-0.0028	-0.0095	-0.0121	-0.0103	-0.0008	0.0010	-0.0009	0.1082
189	-0.0000	0.0004	-0.0060	0.0013	-0.0037	0.0003	0.0429	-0.0326	-0.0109	-0.0130	0.0025	0.0555	-0.0004	0.0009	-0.0040	-0.0159	-0.0068	-0.0039	0.0035	-0.0102	0.1073
19	-0.0007	0.0015	-0.0025	0.0017	-0.0007	-0.0003	-0.0017	-0.0007	-0.0084	-0.0007	0.0023	-0.0877	0.0161	0.0033	-0.0028	-0.0004	0.0281	0.0095	0.0127	0.0314	0.1065
33	0.1000	-0.0001	-0.0063	-0.0018	-0.0045	-0.0027	0.0002	-0.0084	-0.0019	-0.0143	0.0021	-0.0026	-0.0037	0.0006	-0.0047	-0.0171	-0.0172	-0.0172	0.0033	-0.0035	0.1062
84	-0.0023	-0.0007	-0.0020	0.0195	-0.0051	-0.0037	-0.0084	-0.0092	-0.0111	-0.0258	0.0013	-0.0032	-0.0012	0.0813	-0.0095	-0.0108	-0.0050	-0.0079	0.0027	0.0011	0.1059
44	0.0038	-0.0106	0.0048	0.0052	0.0581	0.0041	0.0045	-0.0081	0.0024	-0.0468	0.0065	-0.0029	0.0035	0.0049	-0.0003	-0.0310	0.0001	-0.0038	0.0077	-0.0022	0.1056
87	-0.0128	-0.0010	0.0044	0.0219	-0.0093	-0.0083	-0.0008	-0.0240	0.0124	-0.0203	0.0115	-0.0021	-0.0017	-0.0007	-0.0054	-0.0098	-0.0049	0.0529	0.0019	-0.0040	0.1050
53	-0.0040	-0.0042	-0.0003	0.0000	-0.0320	-0.0008	-0.0005	-0.0074	-0.0022	-0.0139	0.0010	-0.0027	-0.0099	-0.0002	-0.0044	0.1012	-0.0084	-0.0044	0.0019	-0.0089	0.1042
199	-0.0022	-0.0018	-0.0014	-0.0022	-0.0169	-0.0020	-0.0031	-0.0129	0.0802	0.0100	0.0029	-0.0052	-0.0040	0.0101	-0.0090	-0.0215	-0.0061	-0.0094	-0.0005	-0.0050	0.1032
173	-0.0124	0.0024	-0.0059	0.0021	-0.0127	-0.0059	0.0016	0.0180	0.0007	0.0667	0.0036	-0.0002	-0.0017	0.0029	-0.0020	-0.0045	-0.0009	-0.0566	0.0051	-0.0004	0.1032
138	-0.0020	-0.0017	-0.0012	-0.0009	-0.0083	-0.0017	-0.0030	-0.0175	-0.0032	0.1024	-0.0020	-0.0068	-0.0064	-0.0018	-0.0067	-0.0122	-0.0122	-0.0111	0.0007	-0.0043	0.1031
58	-0.0007	-0.0002	-0.0024	0.0006	-0.0171	-0.0004	-0.0018	0.0606	-0.0076	-0.0193	0.0003	0.0377	-0.0010	0.0004	-0.0046	-0.0160	-0.0113	-0.0095	0.0030	-0.0106	0.1026
22	0.0933	0.0004	-0.0003	-0.0010	-0.0044	-0.0031	0.0007	-0.0115	-0.0016	-0.0151	0.0028	-0.0023	-0.0009	0.0011	-0.0045	-0.0155	-0.0285	-0.0102	0.0040	-0.0033	0.1022
4	-0.0000	0.0004	-0.0042	0.0012	-0.0041	0.0003	0.0026	-0.0280	-0.0028	-0.0149	0.0026	0.0543	-0.0005	0.0366	-0.0046	-0.0197	-0.0075	-0.0044	0.0039	-0.0110	0.1019
126	-0.0006	-0.0032	-0.0006	-0.0006	-0.0327	-0.0006	-0.0075	-0.0030	-0.0015	-0.0324	-0.0146	-0.0006	0.0013	-0.0006	-0.0006	0.0675	-0.0006	0.0328	-0.0019	-0.0001	0.1016
175	-0.0005	-0.0005	-0.0005	-0.0005	-0.0060	-0.0005	0.1009	-0.0005	-0.0005	-0.0005	-0.0005	-0.0005	-0.0005	-0.0005	-0.0005	-0.0005	-0.0005	-0.0005	-0.0164	-0.0699	0.1009
90	-0.0031	-0.0003	0.0945	-0.0059	-0.0047	-0.0105	-0.0037	-0.0069	-0.0021	-0.0145	0.0019	-0.0098	-0.0009	0.0004	-0.0048	-0.0101	-0.0044	-0.0067	0.0030	-0.0115	0.0998
98	-0.0040	-0.0001	0.0571	0.0364	-0.0045	-0.0072	-0.0027	-0.0084	-0.0021	-0.0144	0.0021	-0.0112	-0.0008	0.0006	-0.0047	-0.0100	-0.0042	-0.0138	0.0033	-0.0112	0.0995
187	-0.0018	-0.0015	-0.0011	-0.0008	-0.0164	-0.0016	-0.0057	-0.0147	-0.0029	0.0974	-0.0002	-0.0034	-0.0116	-0.0014	-0.0074	-0.0104	-0.0047	-0.0085	0.0008	-0.0042	0.0982
148	-0.0028	-0.0031	-0.0026	-0.0000	-0.0057	0.0489	-0.0015	-0.0132	-0.0060	-0.0151	0.0003	-0.0061	-0.0032	0.0342	-0.0131	-0.0131	0.0128	-0.0072	0.0015	-0.0048	0.0976
46	-0.0110	-0.0008	-0.0015	-0.0000	-0.0045	-0.0009	-0.0006	-0.0211	-0.0031	-0.0126	0.0010	-0.0078	-0.0013	-0.0002	-0.0051	-0.0176	0.0933	-0.0047	0.0020	-0.0037	0.0963
188	-0.0022	-0.0018	-0.0014	-0.0011	-0.0098	-0.0019	-0.0026	-0.0141	-0.0033	0.0953	-0.0005	-0.0038	-0.0109	-0.0049	-0.0092	-0.0105	-0.0050	-0.0087	0.0007	-0.0045	0.0960
153	0.0004	0.0009	0.0014	0.0020	-0.0053	0.0007	-0.0004	0.0261	-0.0009	-0.0663	0.0024	-0.0017	-0.0031	0.0343	-0.0046	-0.0086	-0.0043	0.0235	0.0040	-0.0004	0.0957
42	0.0434	-0.0004	-0.0001	0.0001	-0.0053	-0.0009	0.0000	-0.0425	-0.0046	-0.0139	0.0014	-0.0087	-0.0071	0.0003	-0.0062	0.0296	0.0167	-0.0058	0.0028	0.0011	0.0955
83	0.0476	-0.0016	-0.0068	-0.0048	-0.0039	0.0404	0.0006	-0.0081	-0.0015	-0.0133	0.0024	-0.0021	-0.0009	0.0010	-0.0112	-0.0156	-0.0138	-0.0084	0.0032	-0.0030	0.0951
9	-0.0036	-0.0058	0.0095	-0.0051	-0.0042	0.0135	0.0370	-0.0084	-0.0019	-0.0143	0.0023	0.0290	-0.0008	0.0006	-0.0109	-0.0106	-0.0041	-0.0186	0.0031	-0.0067	0.0951
156	-0.0027	-0.0006	0.0002	-0.0008	-0.0072	0.0640	-0.0055	-0.0151	-0.0034	-0.0109	0.0002	-0.0041	0.0293	-0.0043	-0.0088	-0.0141	-0.0057	-0.0065	0.0013	-0.0050	0.0949
35	0.0032	-0.0185	-0.0071	0.0043	-0.0032	0.0034	-0.0122	-0.0031	0.0020	-0.0077	0.0053	-0.0122	0.0029	0.0041	-0.0095	-0.0209	0.0002	-0.0002	0.0062	0.0632	0.0947
14	0.0002	-0.0033	-0.0093	-0.0028	-0.0054	-0.0066	-0.0030	0.0417	-0.0050	-0.0129	-0.0015	-0.0056	-0.0078	-0.0027	-0.0075	-0.0167	-0.0020	0.0503	-0.0003	0.0001	0.0924
64	-0.0008	-0.0047	-0.0034	0.0004	-0.0042	-0.0053	-0.0016	-0.0191	-0.0069	-0.0127	0.0015	0.0174	-0.0011	0.0002	-0.0143	0.0704	-0.0078	-0.0044	0.0025	-0.0060	0.0923
27	-0.0007	-0.0022	0.0001	-0.0021	-0.0043	-0.0112	-0.0020	-0.0131	0.0723	-0.0147	0.0009	-0.0067	-0.0021	-0.0019	0.0161	-0.0156	-0.0075	-0.0045	0.0026	-0.0034	0.0920
147	-0.0037	-0.0088	-0.0047	-0.0009	-0.0056	0.0566	-0.0015	-0.0105	-0.0033	-0.0145	0.0003	-0.0056	-0.0024	-0.0011	-0.0098	0.0337	-0.0060	-0.0088	0.0013	-0.0048	0.0919
37	0.0274	-0.0011	-0.0052	-0.0034	-0.0090	-0.0063	-0.0008	0.0325	-0.0028	-0.0303	-0.0017	-0.0034	-0.0019	-0.0005	-0.0054	-0.0104	-0.0051	0.0297	0.0020	-0.0043	0.0916
55	-0.0095	-0.0055	-0.0013	-0.0010	-0.0146	-0.0018	-0.0015	0.0330	-0.0038	-0.0136	0.0000	-0.0075	-0.0105	-0.0012	-0.0057	0.0398	0.0171	-0.0057	0.0010	-0.0079	0.0909
41	-0.0027	-0.0007	0.0012	0.0015	-0.0086	0.0006	0.0009	-0.0066	-0.0010	-0.0430	0.0026	-0.0015	-0.0087	0.0013	-0.0034	0.0793	-0.0074	-0.0034	0.0036	-0.0040	0.0909
24	-0.0037	-0.0004	-0.0052	0.0219	-0.0046	-0.0067	-0.0009	-0.0108	-0.0096	-0.0078	0.0016	0.0317	-0.0019	0.0325	-0.0050	-0.0106	-0.0048	-0.0130	0.0028	-0.0056	0.0904
63	-0.0051	-0.0011	0.0007	0.0010	-0.0056	-0.0010	0.0005	-0.0370	-0.0040	-0.0117	0.0016	-0.0050	-0.0053	0.0008	-0.0073	0.0635	0.0187	-0.0037	0.0031	-0.0032	0.0900
100	-0.0093	0.0007	0.0010	0.0013	-0.0028	0.0005	0.0008	0.0206	-0.0038	0.0214	-0.0396	-0.0035	-0.0009	0.0012	-0.0048	-0.0193	0.0391	-0.0039	0.0031	-0.0019	0.0898
116	-0.0195	0.0064	-0.0026	0.0001	-0.0045	0.0245	0.0001	-0.0096	-0.0018	-0.0130	0.0019	-0.0029	-0.0017	0.0005	-0.0062	0.0521	-0.0158	-0.0076	0.0029	-0.0034	0.0884
132	-0.0018	-0.0014	-0.0010	-0.0071	-0.0053	-0.0019	-0.0012	-0.0165	0.0207	-0.0142	-0.0013	0.0338	-0.0021	-0.0040	0.0324	-0.0110	-0.0092	-0.0055	0.0012	-0.0046	0.0882
130	-0.0011	-0.0007	-0.0007	-0.0070	-0.0046	-0.0008	-0.0007	-0.0102	0.0481	-0.0135	-0.0031	0.0369	-0.0014	-0.0030	-0.0108	-0.0103	-0.0103	-0.0049	0.0023	-0.0042	0.0873
140	-0.0044	-0.0017	-0.0028	0.0003	-0.0104	-0.0007	-0.0016	-0.0161	-0.0052	-0.0167	0.0013	0.0436	-0.0100	0.0000	-0.0046	0.0344	0.0051	-0.0046	0.0020	-0.0080	0.0868
159	-0.0005	-0.0005	0.0184	-0.0003	0.0047	0.0447	-0.0292	-0.0005	-0.0005	-0.0004	-0.0005	-0.0005	-0.0005	-0.0005	-0.0005	-0.0005	-0.0005	0.0182	-0.0242	-0.0269	0.0861
66	0.0003	-0.0063	-0.0024	0.0015	-0.0067	-0.0012	-0.0079	-0.0062	-0.0008	-0.0111	0.0026	-0.0051	-0.0009	0.0013	-0.0093	-0.0220	-0.0028	-0.0032	0.0035	0.0767	0.0860
18	0.0293	-0.0006	-0.0001	-0.0003	-0.0051	-0.0011	-0.0033	-0.0016	-0.0025	-0.0070	0.0016	-0.0032	0.0513	-0.0004	-0.0094	-0.0212	-0.0128	-0.0125	0.0028	-0.0041	0.0850
123	-0.0007	-0.0088	-0.0008	-0.0008	-0.0059	-0.0022	-0.0054	-0.0109	-0.0019	-0.0123	0.0015	-0.0033	-0.0008	0.0003	-0.0042	-0.0129	-0.0100	-0.0042	0.0025	0.0807	0.0850
30	-0.0025	0.0000	0.0120	0.0387	-0.0049	-0.0025	-0.0023	-0.0056	-0.0062	-0.0093	0.0025	0.0263	-0.0009	0.0008	-0.0051	-0.0154	-0.0077	-0.0048	0.0038	-0.0169	0.0841
134	0.0009	-0.0036	0.0010	0.0023	0.0164	0.0012	0.0006	-0.0069	-0.0005	-0.0368	0.0035	-0.0020	-0.0009	0.0020	-0.0032	-0.0171	-0.0028	-0.0100	0.0047	0.0512	0.0837
184	-0.0030	-0.0015	0.0007	0.0011	-0.0166	0.0002	0.0005	-0.0066	-0.0012	-0.0321	0.0021	-0.0018	-0.0009	0.0009	-0.0035	0.0751	-0.0071	-0.0036	0.0031	-0.0057	0.0837
32	-0.0120	-0.0003	-0.0106	0.0005	-0.0115	-0.0066	-0.0000	0.0528	-0.0018	-0.0174	0.0014	-0.0027	-0.0009	0.0003	-0.0041	-0.0087	-0.0040	0.0261	0.0025	-0.0031	0.0836
149	-0.0046	-0.0018	-0.0013	-0.0009	-0.0060	-0.0019	-0.0037	-0.0113	-0.0042	-0.0227	-0.0008	-0.0042	0.0108	-0.0013	-0.0078	0.0265	0.0446	-0.0059	0.0012	-0.0049	0.0832
166	-0.0086	-0.0020	0.0823	-0.0006	-0.0006	-0.0291	-0.0013	-0.0014	-0.0008	-0.0006	-0.0009	-0.0123	-0.0006	-0.0010	-0.0008	-0.0104	-0.0017	-0.0090	-0.0008	-0.0000	0.0823
151	-0.0036	-0.0013	-0.0013	0.0001	-0.0065	-0.0008	-0.0010	-0.0185	-0.0036	-0.0143	0.0012	0.0315	-0.0056	-0.0001	-0.0048	0.0461	-0.0110	-0.0048	0.0022	-0.0039	0.0811
60	-0.0011	-0.0007	-0.0003	0.0000	-0.0125	-0.0008	-0.0022	-0.0111	-0.0022	0.0797	-0.0002	-0.0027	-0.0117	-0.0009	-0.0059	-0.0132	-0.0039	-0.0078	0.0009	-0.0034	0.0807
48	-0.0011	-0.0007	-0.0004	-0.0060	-0.0045	-0.0021	-0.0009	-0.0120	0.0204	-0.0133	-0.0018	0.0262	-0.0009	0.0316	-0.0094	-0.0095	-0.0089	-0.0047	0.0022	-0.0041	0.0804
43	-0.0062	-0.0053	-0.0012	-0.0008	0.0294	-0.0017	-0.0014	-0.0085	-0.0031	0.0287	0.0002	-0.0009	-0.0160	-0.0010	-0.0054	0.0201	-0.0122	-0.0055	0.0011	-0.0102	0.0794
135	-0.0008	0.0021	-0.0027	0.0314	-0.0031	0.0291	0.0023	-0.0105	-0.0194	-0.0096	0.0046	-0.0009	-0.0008	0.0012	-0.0044	-0.0096	-0.0029	-0.0127	0.0057	0.0009	0.0773
158	-0.0004	-0.0715	0.0094	-0.0004	-0.0004	0.0272	-0.0004	-0.0004	-0.0004	-0.0004	-0.0004	0.0335	-0.0004	-0.0004	-0.0004	0.0069	-0.0004	-0.0004	-0.0004	-0.0000	0.0770
81	0.0510	0.0027	0.0029	0.0008	-0.0022	0.0005	0.0030	-0.0067	0.0005	-0.0084	0.0051	-0.0001	-0.0008	0.0030	-0.0028	-0.0127	-0.0199	-0.0228	0.0065	0.0004	0.0764
26	0.0037	-0.0004	-0.0001	-0.0036	-0.0039	-0.0021	-0.0002	-0.0263	0.0037	0.0252	0.0181	-0.0121	-0.0009	-0.0013	-0.0073	-0.0131	-0.0018	0.0230	0.0023	-0.0030	0.0759
155	0.0351	-0.0045	-0.0014	0.0112	-0.0053	-0.0024	0.0012	-0.0093	-0.0028	-0.0125	0.0015	-0.0034	-0.0008	0.0233	-0.0017	-0.0149	-0.0056	-0.0110	0.0027	0.0004	0.0755
172	0.0174	-0.0004	-0.0004	-0.0004	-0.0004	-0.0672	-0.0004	-0.0004	-0.0004	-0.0004	-0.0004	-0.0004	0.0398	-0.0004	0.0162	-0.0004	-0.0004	-0.0004	-0.0004	-0.0004	0.0734
52	-0.0072	0.0004	-0.0096	0.0003	-0.0057	-0.0075	0.0006	-0.0113	-0.0010	-0.0126	0.0012	-0.0015	-0.0002	0.0009	-0.0036	-0.0069	-0.0027	0.0655	0.0029	-0.0021	0.0718
76	-0.0013	0.0025	0.0254	0.0226	-0.0048	-0.0171	0.0024	-0.0007	-0.0037	-0.0007	0.0057	-0.0077	-0.0007	0.0028	-0.0007	-0.0118	-0.0035	-0.0164	0.0074	0.0004	0.0692
161	-0.0077	-0.0001	-0.0000	-0.0026	-0.0000	-0.0011	-0.0000	-0.0005	-0.0005	-0.0000	-0.0000	-0.0004	-0.0496	-0.0002	-0.0004	-0.0047	0.0682	-0.0000	-0.0000	-0.0000	0.0682
51	-0.0026	-0.0017	-0.0033	-0.0076	-0.0023	0.0519	0.0023	-0.0049	0.0002	-0.0116	0.0042	-0.0004	-0.0031	0.0027	-0.0070	-0.0114	-0.0020	-0.0094	0.0054	0.0005	0.0673
144	-0.0019	-0.0008	-0.0019	-0.0006	-0.0024	-0.0012	-0.0126	-0.0122	-0.0062	-0.0050	0.0010	0.0212	-0.0037	0.0191	-0.0069	0.0198	-0.0059	-0.0057	0.0023	0.0037	0.0671
74	-0.0018	0.0106	0.0022	-0.0045	0.0485	-0.0199	-0.0078	-0.0005	-0.0084	-0.0005	-0.0033	-0.0021	-0.0005	-0.0076	-0.0044	-0.0043	0.0032	0.0011	0.0000	-0.0001	0.0656
170	-0.0050	-0.0007	-0.0007	-0.0044	-0.0065	-0.0050	-0.0061	-0.0007	-0.0084	-0.0010	-0.0038	0.0495	-0.0052	-0.0035	-0.0052	0.0159	-0.0060	-0.0007	-0.0027	-0.0000	0.0654
106	0.0039	-0.0082	0.0054	0.0060	-0.0020	0.0008	0.0049	-0.0077	0.0018	-0.0203	0.0079	0.0008	0.0034	0.0056	-0.0098	-0.0125	-0.0016	-0.0023	0.0246	-0.0005	0.0650
108	-0.0103	-0.0090	-0.0006	-0.0006	-0.0006	-0.0090	-0.0006	0.0643	-0.0006	-0.0006	-0.0010	-0.0010	-0.0006	-0.0011	-0.0018	-0.0074	-0.0072	-0.0118	-0.0006	-0.0000	0.0643
117	-0.0015	-0.0006	0.0175	-0.0012	-0.0009	-0.0459	-0.0000	-0.0016	-0.0017	-0.0017	-0.0008	0.0332	-0.0005	-0.0010	-0.0015	0.0125	-0.0019	-0.0018	-0.0007	-0.0001	0.0632
65	-0.0059	-0.0004	-0.0008	-0.0020	-0.0053	-0.0028	-0.0001	-0.0087	-0.0017	-0.0156	-0.0019	-0.0020	-0.0008	0.0002	-0.0038	-0.0078	-0.0035	0.0597	0.0023	0.0009	0.0630
75	0.0017	-0.0012	0.0329	-0.0038	-0.0027	-0.0055	-0.0011	-0.0023	-0.0016	-0.0186	0.0028	-0.0057	-0.0008	0.0022	-0.0029	0.0195	-0.0075	-0.0085	0.0012	0.0021	0.0624
178	-0.0066	-0.0045	-0.0005	-0.0014	0.0123	-0.0008	-0.0019	-0.0143	-0.0009	-0.0153	0.0015	-0.0021	-0.0008	0.0000	-0.0053	0.0030	0.0416	-0.0051	0.0026	-0.0014	0.0610
45	-0.0019	-0.0000	0.0013	0.0017	-0.0094	0.0008	0.0011	-0.0071	-0.0008	-0.0103	0.0029	-0.0014	-0.0130	0.0015	-0.0033	0.0473	-0.0064	-0.0033	0.0035	-0.0033	0.0601
104	-0.0008	-0.0005	-0.0008	-0.0008	-0.0045	-0.0006	-0.0009	-0.0106	-0.0008	0.0578	-0.0026	-0.0008	-0.0008	-0.0013	-0.0008	-0.0079	-0.0143	-0.0081	0.0018	-0.0029	0.0597
171	-0.0455	-0.0046	0.0041	-0.0021	0.0014	-0.0012	-0.0009	0.0168	-0.0008	-0.0008	-0.0005	0.0085	-0.0008	-0.0010	-0.0008	0.0151	0.0100	0.0027	0.0010	-0.0007	0.0596
28	-0.0071	0.0006	-0.0007	-0.0015	-0.0050	-0.0060	0.0008	0.0541	-0.0007	-0.0118	0.0006	-0.0030	-0.0007	-0.0027	-0.0007	-0.0051	-0.0042	-0.0081	0.0032	-0.0019	0.0594
79	0.0030	0.0036	0.0043	0.0039	-0.0022	0.0034	-0.0042	-0.0008	-0.0033	-0.0162	0.0064	0.0003	-0.0008	0.0252	-0.0143	-0.0093	-0.0018	-0.0045	0.0080	-0.0009	0.0581
133	0.0006	0.0021	0.0027	0.0031	-0.0024	0.0020	-0.0019	-0.0064	0.0002	-0.0074	0.0044	-0.0005	0.0351	0.0021	-0.0107	-0.0153	-0.0091	-0.0027	0.0056	-0.0014	0.0577
31	0.0029	0.0223	0.0040	0.0044	-0.0055	0.0008	0.0037	-0.0056	0.0014	-0.0119	0.0058	0.0007	0.0026	0.0042	-0.0074	-0.0150	-0.0011	-0.0016	0.0048	-0.0096	0.0577
6	0.0031	0.0197	0.0042	0.0046	-0.0048	0.0015	0.0039	-0.0057	0.0015	-0.0123	0.0061	0.0007	0.0027	0.0043	-0.0077	-0.0147	-0.0011	-0.0016	0.0051	-0.0093	0.0574
13	0.0016	0.0021	-0.0025	0.0030	-0.0023	0.0020	0.0001	-0.0042	-0.0056	-0.0120	0.0043	0.0360	-0.0008	0.0028	-0.0025	-0.0131	-0.0046	-0.0025	0.0054	-0.0071	0.0572
146	0.0028	-0.0006	0.0528	0.0014	-0.0023	-0.0087	-0.0058	-0.0006	-0.0006	-0.0006	-0.0006	-0.0112	-0.0006	-0.0035	-0.0028	-0.0060	-0.0090	-0.0006	-0.0031	-0.0001	0.0570
136	0.0016	0.0003	-0.0014	0.0028	-0.0020	-0.0037	0.0012	-0.0087	-0.0029	-0.0124	0.0035	-0.0003	-0.0011	0.0020	0.0368	-0.0139	-0.0047	-0.0022	0.0041	0.0011	0.0533
34	-0.0008	0.0027	0.0317	-0.0004	-0.0021	-0.0037	0.0006	-0.0064	0.0007	-0.0070	0.0051	-0.0048	0.0019	0.0035	-0.0023	-0.0081	-0.0018	-0.0090	0.0064	-0.0062	0.0526
185	0.0001	-0.0070	0.0010	0.0013	0.0137	0.0004	0.0007	-0.0108	-0.0008	-0.0200	0.0024	-0.0008	-0.0001	0.0011	-0.0010	-0.0027	-0.0030	-0.0060	0.0034	0.0279	0.0521
8	0.0002	-0.0038	0.0009	0.0012	0.0412	0.0004	0.0007	-0.0089	-0.0007	-0.0176	0.0022	-0.0018	-0.0001	0.0010	-0.0007	-0.0027	-0.0027	-0.0076	0.0031	-0.0044	0.0510
69	-0.0036	-0.0024	-0.0013	-0.0007	-0.0049	-0.0006	-0.0007	-0.0007	-0.0057	-0.0086	0.0008	-0.0030	-0.0007	-0.0001	-0.0056	-0.0100	0.0140	-0.0017	0.0018	0.0339	0.0505
194	-0.0039	-0.0007	-0.0066	0.0003	-0.0007	-0.0015	-0.0007	-0.0112	-0.0007	-0.0118	-0.0007	-0.0007	-0.0007	-0.0007	-0.0033	-0.0007	-0.0030	0.0475	0.0023	-0.0024	0.0501
73	-0.0061	-0.0010	-0.0006	-0.0006	-0.0006	-0.0006	-0.0006	-0.0005	-0.0083	-0.0015	-0.0033	-0.0011	-0.0028	-0.0054	0.0001	-0.0152	0.0496	-0.0006	-0.0006	-0.0006	0.0498
17	0.0026	-0.0011	-0.0007	0.0042	0.0172	0.0030	0.0034	-0.0138	-0.0007	-0.0099	0.0057	-0.0007	0.0022	0.0039	-0.0029	-0.0091	-0.0017	-0.0054	0.0070	-0.0032	0.0492
139	-0.0030	-0.0027	0.0003	0.0007	-0.0074	-0.0003	0.0002	-0.0074	-0.0018	-0.0149	0.0020	-0.0024	-0.0008	0.0005	-0.0043	0.0244	0.0176	-0.0042	0.0029	0.0005	0.0490
49	0.0025	0.0129	0.0042	0.0049	-0.0074	-0.0006	0.0037	-0.0045	-0.0006	-0.0136	0.0070	-0.0006	-0.0006	0.0044	-0.0006	-0.0010	-0.0039	-0.0048	0.0081	-0.0098	0.0477
47	0.0014	-0.0007	-0.0008	-0.0008	0.0352	-0.0008	0.0019	-0.0072	0.0003	-0.0187	0.0034	-0.0002	0.0011	-0.0008	-0.0018	-0.0074	-0.0014	-0.0033	0.0043	-0.0039	0.0476
67	0.0322	0.0032	-0.0007	-0.0007	0.0002	-0.0033	-0.0007	-0.0024	-0.0007	-0.0062	0.0047	-0.0007	-0.0007	-0.0007	-0.0007	-0.0152	-0.0091	-0.0048	0.0055	0.0007	0.0465
121	0.0012	-0.0058	-0.0007	0.0024	0.0166	0.0014	-0.0005	-0.0064	-0.0000	-0.0125	0.0034	-0.0057	0.0009	0.0021	-0.0016	-0.0081	-0.0015	-0.0034	0.0045	0.0139	0.0464
91	0.0012	-0.0039	-0.0008	0.0022	-0.0034	0.0015	-0.0070	-0.0044	0.0002	-0.0085	0.0031	-0.0027	0.0010	0.0020	-0.0018	-0.0106	-0.0014	-0.0018	0.0040	0.0310	0.0462
21	0.0019	-0.0037	-0.0007	0.0032	-0.0035	0.0022	-0.0007	-0.0054	-0.0007	-0.0069	0.0044	-0.0077	0.0016	0.0030	-0.0007	-0.0122	-0.0015	-0.0020	0.0055	0.0239	0.0457
99	-0.0006	-0.0006	-0.0006	-0.0006	0.0158	-0.0006	0.0072	-0.0069	-0.0006	-0.0299	0.0092	-0.0006	-0.0006	-0.0006	-0.0006	-0.0006	-0.0006	-0.0005	0.0105	0.0015	0.0442
89	0.0274	0.0017	-0.0007	-0.0007	-0.0020	-0.0022	0.0019	-0.0052	-0.0007	-0.0007	0.0035	-0.0004	-0.0003	0.0023	-0.0021	-0.0083	-0.0064	-0.0120	0.0045	0.0003	0.0416
105	0.0264	0.0019	-0.0007	-0.0007	-0.0016	0.0002	0.0021	-0.0047	-0.0007	-0.0007	0.0037	-0.0001	-0.0007	0.0024	-0.0007	-0.0076	-0.0053	-0.0169	0.0046	-0.0008	0.0413
96	-0.0006	0.0012	0.0016	0.0021	-0.0007	0.0009	-0.0011	-0.0007	-0.0006	-0.0011	0.0033	-0.0013	0.0240	-0.0011	-0.0061	-0.0134	-0.0072	-0.0035	0.0045	0.0000	0.0377
11	-0.0085	0.0020	-0.0061	0.0021	-0.0050	-0.0037	0.0021	0.0048	-0.0007	-0.0075	0.0027	0.0004	0.0015	0.0024	-0.0010	-0.0037	-0.0005	0.0143	0.0039	0.0004	0.0368
137	-0.0001	0.0032	0.0121	0.0009	-0.0032	-0.0015	0.0012	-0.0012	-0.0005	-0.0005	0.0065	-0.0080	-0.0005	0.0042	-0.0005	-0.0115	-0.0011	-0.0079	0.0083	0.0000	0.0364
57	0.0011	0.0014	0.0018	0.0020	-0.0064	0.0013	0.0004	-0.0049	0.0002	0.0224	0.0013	-0.0003	-0.0029	0.0006	-0.0036	-0.0108	-0.0014	-0.0043	0.0028	-0.0009	0.0354
118	0.0014	0.0018	0.0013	0.0028	-0.0027	0.0017	0.0014	-0.0015	-0.0041	-0.0026	0.0040	0.0117	-0.0007	0.0025	-0.0029	-0.0105	-0.0031	-0.0029	0.0053	-0.0027	0.0338
77	-0.0092	0.0014	-0.0006	-0.0006	-0.0035	-0.0006	-0.0006	-0.0060	0.0003	-0.0074	0.0024	-0.0006	-0.0006	0.0017	-0.0012	-0.0006	-0.0009	0.0239	0.0032	0.0000	0.0328
12	0.0012	-0.0028	-0.0007	0.0021	0.0184	0.0014	-0.0007	-0.0055	0.0003	-0.0139	0.0029	-0.0007	-0.0007	0.0020	-0.0015	-0.0016	-0.0012	-0.0030	0.0037	0.0002	0.0321
94	0.0002	0.0007	-0.0007	-0.0007	-0.0036	0.0005	0.0009	-0.0007	0.0135	-0.0028	0.0011	-0.0070	-0.0007	-0.0017	0.0106	-0.0092	-0.0007	-0.0038	0.0039	0.0003	0.0316
102	0.0016	0.0110	0.0027	0.0031	-0.0061	-0.0005	0.0024	-0.0068	-0.0005	-0.0127	0.0044	-0.0005	0.0013	0.0028	-0.0005	-0.0005	-0.0005	-0.0029	0.0024	0.0000	0.0316
38	0.0005	0.0001	0.0011	0.0013	0.0147	0.0007	-0.0046	-0.0060	-0.0003	0.0078	0.0021	-0.0007	-0.0046	0.0005	-0.0037	-0.0041	-0.0017	-0.0038	0.0027	-0.0018	0.0314
157	-0.0005	-0.0004	0.0025	0.0083	-0.0004	0.0100	-0.0004	-0.0004	0.0053	-0.0004	-0.0004	-0.0257	-0.0004	-0.0004	-0.0004	0.0050	-0.0004	-0.0004	-0.0003	-0.0000	0.0311
143	-0.0006	-0.0005	-0.0006	0.0005	0.0256	-0.0005	-0.0009	-0.0028	-0.0006	-0.0144	0.0016	-0.0006	-0.0006	0.0002	-0.0006	-0.0006	-0.0006	-0.0032	0.0026	-0.0036	0.0306
50	0.0005	-0.0012	-0.0006	0.0018	-0.0047	0.0008	-0.0037	-0.0071	-0.0006	-0.0006	0.0031	-0.0008	0.0002	0.0016	-0.0014	-0.0028	-0.0031	-0.0035	0.0042	0.0180	0.0302
82	-0.0003	0.0022	0.0027	0.0032	-0.0005	0.0020	-0.0005	-0.0071	0.0001	-0.0075	0.0046	-0.0005	0.0092	-0.0012	-0.0018	-0.0018	-0.0058	-0.0030	0.0059	0.0000	0.0299
180	-0.0049	0.0029	-0.0006	-0.0006	-0.0006	-0.0006	-0.0006	-0.0055	-0.0006	-0.0116	0.0028	-0.0006	-0.0006	-0.0006	-0.0006	-0.0006	-0.0001	0.0179	0.0054	0.0000	0.0289
107	0.0010	0.0014	-0.0012	0.0023	-0.0007	0.0013	-0.0007	-0.0007	-0.0065	-0.0007	0.0035	0.0122	0.0006	0.0021	-0.0029	-0.0111	-0.0033	-0.0013	0.0046	0.0000	0.0288
72	-0.0050	0.0018	-0.0006	-0.0006	-0.0006	-0.0006	-0.0006	0.0194	-0.0006	-0.0074	-0.0042	-0.0006	-0.0006	-0.0006	-0.0006	-0.0006	-0.0046	0.0038	0.0028	0.0000	0.0277
23	-0.0001	-0.0030	0.0011	0.0016	-0.0051	-0.0006	0.0007	-0.0006	-0.0006	-0.0006	0.0031	-0.0006	-0.0006	0.0012	-0.0006	-0.0080	-0.0006	-0.0025	0.0195	-0.0038	0.0272
145	-0.0036	-0.0007	-0.0006	-0.0009	-0.0008	-0.0026	-0.0007	-0.0016	-0.0006	-0.0014	-0.0010	-0.0007	0.0253	-0.0006	-0.0019	-0.0022	-0.0021	-0.0030	-0.0002	-0.0000	0.0253
181	-0.0020	0.0020	-0.0005	-0.0005	-0.0005	-0.0005	0.0022	-0.0069	-0.0005	-0.0108	0.0034	-0.0005	0.0015	0.0025	-0.0005	-0.0005	-0.0009	0.0089	0.0044	0.0000	0.0249
162	0.0004	0.0006	0.0009	0.0011	-0.0081	0.0005	-0.0018	-0.0047	-0.0006	0.0168	0.0015	-0.0007	-0.0006	-0.0001	-0.0021	-0.0006	-0.0015	-0.0029	0.0021	0.0000	0.0238
25	0.0016	0.0019	0.0023	0.0026	-0.0005	-0.0005	0.0021	-0.0005	-0.0083	-0.0005	-0.0005	0.0000	0.0012	0.0023	0.0080	-0.0092	-0.0025	-0.0005	0.0013	0.0000	0.0232
71	-0.0031	-0.0007	-0.0006	-0.0006	0.0011	-0.0006	-0.0006	-0.0068	-0.0006	0.0197	-0.0022	-0.0006	-0.0006	-0.0006	-0.0006	-0.0006	-0.0031	0.0019	-0.0006	0.0000	0.0227
20	-0.0020	0.0011	-0.0006	-0.0006	-0.0006	-0.0006	0.0013	-0.0078	-0.0006	-0.0006	0.0013	-0.0006	0.0005	0.0016	-0.0006	-0.0060	-0.0019	0.0129	0.0036	0.0000	0.0225
68	-0.0004	-0.0004	0.0090	-0.0013	-0.0008	-0.0004	0.0002	-0.0004	-0.0004	-0.0004	0.0043	-0.0004	-0.0004	0.0019	-0.0004	-0.0004	-0.0059	-0.0004	0.0059	-0.0085	0.0213
80	-0.0005	0.0010	-0.0005	-0.0005	-0.0005	-0.0005	-0.0005	0.0173	-0.0005	-0.0080	0.0000	-0.0005	-0.0005	-0.0005	-0.0005	-0.0005	-0.0005	-0.0060	0.0027	0.0000	0.0210
88	0.0008	0.0011	0.0014	0.0016	-0.0005	0.0010	0.0012	0.0083	-0.0005	-0.0091	0.0004	-0.0005	0.0006	0.0015	-0.0005	-0.0005	-0.0062	-0.0030	0.0030	0.0000	0.0210
86	-0.0021	-0.0004	-0.0023	0.0014	-0.0004	0.0076	0.0011	-0.0004	-0.0004	-0.0004	0.0037	-0.0025	-0.0004	0.0017	-0.0004	-0.0099	-0.0004	-0.0004	0.0052	0.0000	0.0207
112	-0.0004	-0.0004	0.0068	-0.0021	-0.0004	-0.0004	-0.0004	-0.0082	-0.0004	-0.0020	0.0045	-0.0004	-0.0004	0.0027	-0.0004	-0.0004	-0.0004	-0.0026	0.0059	0.0000	0.0198
127	0.0006	-0.0006	0.0014	0.0017	-0.0006	-0.0018	-0.0005	-0.0006	-0.0025	-0.0006	0.0026	-0.0010	-0.0006	0.0005	0.0098	-0.0095	-0.0006	-0.0006	0.0029	0.0000	0.0196
131	0.0002	0.0004	0.0007	0.0009	-0.0070	0.0003	-0.0006	0.0073	-0.0005	0.0058	0.0014	-0.0024	-0.0006	0.0002	-0.0006	-0.0013	-0.0032	-0.0031	0.0022	0.0000	0.0194
183	0.0003	0.0005	0.0008	0.0010	-0.0062	0.0005	-0.0006	-0.0051	-0.0006	0.0118	0.0015	-0.0006	-0.0006	0.0005	-0.0006	-0.0006	-0.0006	-0.0035	0.0021	0.0000	0.0190
176	-0.0005	-0.0005	-0.0005	-0.0005	-0.0005	-0.0005	-0.0050	-0.0005	-0.0017	-0.0017	0.0031	-0.0033	-0.0005	0.0110	-0.0009	-0.0011	-0.0005	-0.0005	0.0047	0.0000	0.0187
182	-0.0028	0.0012	0.0003	-0.0005	-0.0005	-0.0005	0.0013	-0.0058	-0.0000	-0.0005	-0.0005	-0.0005	0.0007	0.0016	-0.0005	-0.0039	-0.0015	0.0094	0.0033	0.0000	0.0177
165	0.0005	-0.0005	-0.0005	0.0016	-0.0044	0.0008	-0.0041	-0.0014	-0.0005	-0.0009	0.0027	-0.0023	0.0002	0.0014	-0.0012	-0.0005	-0.0005	-0.0005	0.0036	0.0064	0.0173
95	-0.0006	0.0000	0.0003	0.0005	-0.0010	-0.0006	-0.0006	-0.0045	-0.0006	0.0159	-0.0001	-0.0006	-0.0006	-0.0006	-0.0006	-0.0006	-0.0022	-0.0030	-0.0006	0.0000	0.0167
103	-0.0009	0.0003	-0.0005	-0.0005	-0.0005	-0.0005	0.0004	-0.0066	-0.0005	-0.0010	0.0014	-0.0005	-0.0002	0.0007	-0.0005	-0.0005	-0.0023	0.0098	0.0023	0.0000	0.0149
92	0.0001	0.0005	-0.0004	0.0013	-0.0004	0.0004	-0.0004	-0.0004	-0.0004	-0.0004	0.0025	0.0055	-0.0002	0.0011	-0.0004	-0.0109	-0.0004	-0.0004	0.0035	0.0000	0.0149
124	0.0006	0.0009	0.0015	0.0019	-0.0004	-0.0004	0.0012	-0.0004	-0.0097	-0.0004	-0.0004	-0.0004	0.0002	0.0015	0.0046	-0.0004	-0.0004	-0.0004	0.0008	0.0000	0.0133
179	0.0005	0.0009	0.0014	0.0018	-0.0004	-0.0004	0.0011	-0.0004	-0.0099	-0.0004	0.0000	-0.0004	0.0002	0.0015	0.0045	-0.0004	-0.0004	-0.0004	0.0014	0.0000	0.0132
70	-0.0004	-0.0004	-0.0004	0.0011	0.0045	-0.0004	-0.0004	-0.0004	-0.0004	-0.0012	0.0021	-0.0004	-0.0004	0.0010	-0.0004	-0.0004	-0.0004	-0.0004	0.0029	-0.0047	0.0116
167	-0.0004	-0.0004	-0.0004	-0.0004	0.0081	-0.0004	-0.0004	-0.0004	-0.0004	-0.0004	-0.0004	-0.0004	-0.0004	-0.0004	-0.0004	-0.0004	-0.0004	-0.0004	0.0029	-0.0037	0.0110
93	-0.0003	-0.0004	-0.0004	0.0008	-0.0052	-0.0000	-0.0004	-0.0004	-0.0004	-0.0004	0.0018	-0.0004	-0.0004	0.0006	-0.0004	-0.0004	-0.0004	-0.0004	0.0027	0.0048	0.0107
150	-0.0004	0.0046	-0.0004	-0.0004	-0.0004	-0.0004	-0.0004	-0.0004	-0.0004	-0.0004	0.0008	-0.0004	-0.0004	-0.0004	-0.0004	-0.0004	-0.0004	-0.0004	0.0009	0.0000	0.0063
101	-0.0004	-0.0004	-0.0004	-0.0004	-0.0004	0.0039	-0.0004	-0.0004	-0.0004	-0.0004	0.0007	-0.0004	-0.0004	-0.0004	-0.0004	-0.0004	-0.0004	-0.0004	0.0017	0.0000	0.0063
177	0.0020	-0.0001	-0.0004	-0.0001	-0.0002	-0.0004	-0.0001	-0.0002	-0.0001	-0.0004	-0.0000	-0.0001	0.0019	-0.0001	-0.0002	-0.0005	-0.0004	-0.0004	-0.0000	0.0000	0.0039