# Omega fit to each site after fixing tree and all other parameters.
# Fits compared to null model of omega = 1.
# P-values NOT corrected for multiple testing, so consider Q-values too.
# Q-values computed separately for omega > and < 1 # Will fit different synonymous rate for each site.
#
site	omega	P	dLnL	Q
78	0.000	8.84e-10	18.783	1.78e-07
188	0.000	3.55e-09	17.428	3.57e-07
123	0.000	1.01e-08	16.410	5.08e-07
192	0.000	9.12e-09	16.510	5.08e-07
166	0.011	2.03e-08	15.732	8.16e-07
60	0.000	2.56e-08	15.509	8.56e-07
47	0.000	5.77e-08	14.719	1.66e-06
22	0.000	1.53e-07	13.777	3.84e-06
201	0.000	2.31e-07	13.377	5.16e-06
199	0.049	2.58e-07	13.270	5.19e-06
34	0.000	6.88e-07	12.324	1.26e-05
136	0.000	7.55e-07	12.234	1.27e-05
186	0.000	8.53e-07	12.117	1.32e-05
4	0.009	1.07e-06	11.897	1.54e-05
59	0.000	2.42e-06	11.116	3.24e-05
187	0.000	2.66e-06	11.023	3.3e-05
98	0.012	2.79e-06	10.976	3.3e-05
18	0.030	7.66e-06	10.010	8.11e-05
24	0.023	7.34e-06	10.051	8.11e-05
48	0.027	9.19e-06	9.836	9.24e-05
194	0.000	1.17e-05	9.606	0.000107
125	0.064	1.16e-05	9.615	0.000107
91	0.000	1.31e-05	9.497	0.000115
44	0.000	1.43e-05	9.414	0.00012
191	0.000	2.36e-05	8.938	0.00019
42	0.071	3.07e-05	8.688	0.000237
62	0.000	3.76e-05	8.494	0.00028
5	0.096	4.14e-05	8.404	0.000287
54	0.034	4.11e-05	8.409	0.000287
197	0.000	5.24e-05	8.180	0.000351
33	0.000	5.42e-05	8.147	0.000352
141	0.060	6.97e-05	7.909	0.000438
133	0.000	8.1e-05	7.767	0.000494
130	0.017	8.6e-05	7.711	0.000508
77	0.000	8.85e-05	7.684	0.000508
7	0.000	0.000106	7.510	0.000594
138	0.075	0.000113	7.449	0.000616
105	0.000	0.000145	7.217	0.000748
193	0.000	0.000145	7.221	0.000748
184	0.000	0.000171	7.064	0.000833
161	0.032	0.000171	7.064	0.000833
84	0.035	0.000174	7.047	0.000833
94	0.030	0.000219	6.829	0.00102
97	0.000	0.000253	6.696	0.00115
162	0.000	0.000277	6.609	0.00124
140	0.060	0.000349	6.394	0.00152
53	0.000	0.000382	6.309	0.00163
41	0.000	0.000391	6.288	0.00164
45	0.000	0.000403	6.258	0.00165
180	0.000	0.000428	6.204	0.00172
182	0.000	0.000466	6.124	0.00184
40	0.000	0.0005	6.058	0.00193
26	0.097	0.000621	5.856	0.00232
75	0.070	0.000624	5.852	0.00232
81	0.000	0.000822	5.596	0.003
65	0.000	0.000868	5.545	0.00311
20	0.000	0.000927	5.484	0.00327
139	0.054	0.000944	5.467	0.00327
61	0.000	0.000979	5.434	0.00333
132	0.056	0.00102	5.395	0.00342
122	0.083	0.00104	5.377	0.00343
159	0.122	0.00129	5.181	0.00417
103	0.000	0.00134	5.143	0.00428
142	0.120	0.00155	5.012	0.00485
83	0.066	0.00159	4.985	0.00492
56	0.000	0.00164	4.959	0.00499
3	0.000	0.00176	4.893	0.00527
127	0.000	0.00191	4.817	0.00564
183	0.000	0.00222	4.681	0.00636
200	0.000	0.00219	4.691	0.00636
21	0.000	0.0023	4.645	0.00652
100	0.128	0.00242	4.601	0.00675
126	0.178	0.00262	4.529	0.0072
131	0.068	0.00306	4.386	0.0082
46	0.000	0.00305	4.389	0.0082
114	0.146	0.00322	4.338	0.00853
108	0.111	0.00329	4.319	0.0086
90	0.000	0.00334	4.307	0.0086
67	0.000	0.00339	4.292	0.00863
37	0.108	0.00367	4.220	0.00922
172	0.112	0.00377	4.196	0.00935
52	0.000	0.00402	4.137	0.00986
39	0.000	0.00457	4.020	0.0111
110	0.167	0.00509	3.924	0.0122
198	0.000	0.00561	3.836	0.0133
85	0.000	0.00595	3.783	0.0139
189	0.048	0.00621	3.744	0.0143
27	0.088	0.0064	3.717	0.0145
164	0.201	0.00641	3.715	0.0145
9	0.163	0.00705	3.631	0.0157
95	0.000	0.00732	3.596	0.0159
43	0.110	0.00728	3.601	0.0159
168	0.160	0.00738	3.589	0.0159
1	0.000	0.00772	3.549	0.0165
17	0.000	0.00807	3.509	0.0171
104	0.131	0.00843	3.470	0.0176
35	0.000	0.00868	3.444	0.018
51	0.000	0.00893	3.418	0.0183
107	0.000	0.00922	3.390	0.0187
99	0.000	0.00958	3.355	0.0192
6	0.000	0.00962	3.352	0.0192
145	0.082	0.00989	3.327	0.0195
14	0.184	0.0106	3.269	0.0206
28	0.000	0.0127	3.104	0.0246
178	0.163	0.0143	3.000	0.0274
137	0.000	0.0147	2.974	0.0279
80	0.189	0.0172	2.836	0.0324
174	0.219	0.018	2.798	0.0335
66	0.000	0.0194	2.733	0.0358
57	0.000	0.0198	2.717	0.0361
76	0.071	0.0226	2.598	0.041
63	0.159	0.0232	2.576	0.0413
146	0.064	0.0231	2.580	0.0413
71	0.132	0.0253	2.503	0.0445
149	0.136	0.032	2.300	0.0559
196	0.000	0.0324	2.289	0.0561
147	0.096	0.0336	2.258	0.0577
25	0.000	0.0345	2.234	0.0589
144	0.140	0.0381	2.150	0.0644
96	0.000	0.0443	2.022	0.0742
169	0.242	0.0469	1.975	0.0779
49	0.000	0.0488	1.940	0.0805
121	0.116	0.0566	1.817	0.0925
8	0.000	0.059	1.783	0.0934
195	0.000	0.0586	1.789	0.0934
16	0.221	0.0587	1.786	0.0934
170	0.243	0.0582	1.794	0.0934
181	0.000	0.0595	1.775	0.0935
128	0.186	0.0638	1.718	0.0993
135	0.135	0.0656	1.695	0.101
50	0.000	0.0674	1.673	0.103
31	0.000	0.0682	1.663	0.104
93	0.000	0.0719	1.619	0.109
89	0.000	0.0746	1.590	0.112
151	0.206	0.0849	1.485	0.126
36	0.278	0.0903	1.434	0.13
30	0.232	0.0909	1.429	0.13
167	0.000	0.0895	1.441	0.13
109	0.345	0.0896	1.441	0.13
113	0.337	0.0892	1.444	0.13
64	0.144	0.0905	1.433	0.13
175	0.215	0.0952	1.392	0.135
177	0.201	0.101	1.344	0.142
2	0.000	0.102	1.335	0.143
10	0.352	0.108	1.293	0.149
87	0.202	0.111	1.272	0.153
13	0.000	0.12	1.211	0.164
111	0.341	0.124	1.181	0.169
160	0.395	0.127	1.167	0.171
55	0.245	0.133	1.127	0.179
12	0.000	0.145	1.063	0.193
120	0.302	0.146	1.057	0.193
73	0.334	0.174	0.925	0.228
82	0.000	0.204	0.807	0.266
11	0.254	0.212	0.778	0.275
129	0.513	0.225	0.737	0.289
79	0.000	0.226	0.733	0.289
15	0.492	0.235	0.705	0.299
68	0.000	0.243	0.680	0.308
156	0.281	0.256	0.645	0.322
102	0.000	0.274	0.599	0.342
165	0.000	0.282	0.580	0.349
92	0.000	0.291	0.558	0.358
173	0.414	0.299	0.539	0.367
38	0.415	0.305	0.527	0.371
58	0.235	0.331	0.473	0.399
88	0.000	0.332	0.471	0.399
112	0.000	0.369	0.403	0.442
143	0.341	0.416	0.331	0.488
124	0.000	0.419	0.327	0.488
176	0.000	0.42	0.326	0.488
70	0.000	0.417	0.330	0.488
74	0.523	0.418	0.327	0.488
179	0.000	0.44	0.298	0.508
157	100.000	0.0026	4.533	0.523
29	0.584	0.508	0.219	0.584
72	0.563	0.541	0.187	0.618
86	0.000	0.655	0.100	0.744
134	0.575	0.674	0.088	0.761
163	0.705	0.691	0.079	0.776
150	0.000	0.713	0.068	0.796
101	0.000	0.731	0.059	0.812
116	0.750	0.762	0.046	0.842
119	100.000	0.00841	3.472	0.845
154	0.818	0.895	0.009	0.983
158	0.868	0.905	0.007	0.989
23	1.000	1	0.000	1
106	0.000	0.967	0.001	1
115	2.045	0.681	0.084	1
117	46.458	0.0792	1.540	1
118	1.000	1	0.000	1
69	0.947	0.955	0.002	1
152	1.353	0.8	0.032	1
153	1.001	0.999	0.000	1
190	94.852	0.411	0.339	1
155	100.000	0.0628	1.730	1
32	95.467	0.213	0.777	1
185	100.000	0.413	0.335	1
19	3.115	0.0937	1.405	1
171	1.680	0.443	0.294	1
148	0.907	0.946	0.002	1