# Differential preferences fit to each site.
# Regularizing prior: ('invquadratic', 150.0, 0.5)
#
site	dpi_A	dpi_C	dpi_D	dpi_E	dpi_F	dpi_G	dpi_H	dpi_I	dpi_K	dpi_L	dpi_M	dpi_N	dpi_P	dpi_Q	dpi_R	dpi_S	dpi_T	dpi_V	dpi_W	dpi_Y	half_sum_abs_dpi
15	-0.0092	-0.0007	-0.0113	-0.0121	-0.0007	-0.0007	-0.0007	-0.0007	-0.0221	-0.0034	-0.0007	-0.0007	-0.0419	-0.0007	-0.0085	0.5765	-0.4656	-0.0024	0.0055	-0.0001	0.5819
109	0.1212	0.0081	0.0021	0.0087	-0.0008	0.0033	0.0052	0.0061	0.0194	-0.0127	0.0112	-0.2302	-0.0088	0.0107	0.0809	-0.0327	-0.0130	0.0301	-0.0008	-0.0082	0.3072
192	0.2664	0.0001	-0.0009	0.0019	-0.0046	-0.0005	0.0016	-0.0356	0.0003	-0.0303	0.0038	-0.0166	-0.0211	0.0028	-0.0029	-0.0599	-0.0576	-0.0471	0.0053	-0.0051	0.2823
110	0.0105	-0.0068	0.0156	0.0299	-0.0044	0.0102	0.0457	-0.0311	-0.0502	-0.0483	-0.0311	0.0306	-0.0066	0.0696	-0.0299	0.0575	-0.0544	-0.0120	0.0022	0.0031	0.2748
113	-0.2242	-0.0016	-0.0019	-0.0010	-0.0023	0.0027	0.0076	0.0823	0.0637	-0.0027	-0.0052	0.0013	0.0140	-0.0025	0.0678	0.0246	-0.0062	-0.0158	-0.0007	0.0001	0.2643
171	-0.0768	0.0066	-0.0653	-0.0106	-0.0099	-0.0162	0.0077	0.0586	0.0060	-0.0499	0.0071	0.0386	-0.0049	0.0090	0.0029	0.0182	0.0687	0.0069	0.0121	-0.0090	0.2425
197	-0.0093	-0.0072	-0.0057	-0.0048	-0.0148	-0.0059	-0.0121	-0.0159	-0.0070	-0.0448	-0.0044	-0.0084	0.2424	-0.0070	-0.0131	-0.0395	-0.0167	-0.0116	-0.0033	-0.0111	0.2424
16	-0.0214	-0.0104	0.0182	0.0177	0.0087	-0.0033	0.0144	-0.0560	0.0225	-0.0149	0.0141	0.0157	-0.0009	0.0185	0.0630	-0.0043	-0.1142	0.0113	0.0193	0.0019	0.2254
114	-0.0143	0.0013	-0.0025	-0.0016	0.0006	0.0748	0.0095	-0.0239	0.0421	0.0372	-0.0266	-0.0059	-0.0058	0.0037	-0.0041	0.0205	-0.1134	-0.0056	0.0107	0.0036	0.2038
168	0.0056	-0.0033	0.0058	0.0089	0.0613	0.0078	-0.0903	-0.0295	-0.0103	-0.0279	0.0094	-0.0275	0.0060	0.0326	-0.0023	-0.0081	0.0468	0.0009	0.0108	0.0032	0.1992
160	0.0110	-0.0155	0.0027	0.0024	0.0207	-0.0118	-0.0656	-0.0108	0.0381	0.0556	0.0061	0.0264	0.0031	0.0109	-0.0356	-0.0514	-0.0018	-0.0065	0.0200	0.0020	0.1990
198	-0.0040	-0.0051	-0.0033	-0.0099	-0.0139	-0.0036	-0.0037	-0.0363	0.1969	-0.0248	-0.0021	-0.0151	-0.0045	-0.0060	-0.0154	-0.0163	-0.0126	-0.0102	-0.0006	-0.0097	0.1969
129	-0.0490	0.0005	0.0004	0.0284	-0.0046	0.0358	0.0030	-0.0097	0.0064	-0.0012	-0.0004	-0.0004	-0.0026	0.0278	-0.0057	0.0485	-0.1056	0.0232	-0.0011	0.0065	0.1805
169	-0.0088	-0.0072	-0.0002	0.0007	-0.0047	-0.0004	0.0045	0.0580	-0.0024	-0.0175	0.0015	-0.0046	-0.0236	0.0976	-0.0117	-0.0769	0.0069	-0.0076	-0.0027	-0.0010	0.1691
115	-0.0456	0.0051	0.0049	0.0307	-0.0034	0.0061	0.0065	-0.0566	0.0041	-0.0173	0.0080	0.0203	0.0002	0.0535	0.0016	0.0012	-0.0447	0.0138	0.0100	0.0015	0.1675
39	-0.0017	-0.0075	-0.0041	-0.0005	-0.0173	-0.0014	-0.0283	-0.0094	-0.0023	-0.0154	-0.0002	-0.0110	-0.0020	-0.0007	-0.0042	-0.0406	-0.0043	-0.0060	0.0007	0.1560	0.1567
163	0.0244	0.0107	-0.0249	0.0308	-0.0047	0.0010	-0.0411	-0.0190	-0.0061	-0.0133	0.0055	-0.0360	-0.0009	0.0271	0.0535	0.0017	-0.0096	-0.0008	0.0016	0.0002	0.1565
201	-0.0108	-0.0026	-0.0010	-0.0001	-0.0102	-0.0012	-0.0014	-0.0419	-0.0061	-0.0190	-0.0001	-0.0062	-0.0063	-0.0004	-0.0073	-0.0278	0.1545	-0.0070	0.0014	-0.0065	0.1559
78	-0.0023	-0.0040	-0.0033	-0.0010	-0.0050	-0.0118	-0.0024	-0.0054	-0.0431	-0.0039	-0.0050	-0.0046	-0.0031	-0.0017	0.1535	-0.0313	-0.0145	-0.0083	-0.0036	0.0006	0.1541
29	-0.0076	-0.0027	-0.0024	-0.0015	-0.0269	-0.0047	-0.0031	-0.0065	-0.0040	-0.0011	-0.0009	-0.0103	-0.0107	-0.0019	-0.0108	0.1533	-0.0485	-0.0102	0.0002	0.0003	0.1538
120	0.0036	-0.0012	-0.0033	0.0353	-0.0075	0.0469	0.0073	-0.0138	-0.0055	-0.0162	0.0046	-0.0693	0.0019	0.0429	-0.0077	-0.0185	-0.0001	-0.0064	0.0049	0.0023	0.1496
172	0.0101	-0.0078	-0.0018	0.0022	-0.0099	0.0789	-0.0023	-0.0135	-0.0004	-0.0112	0.0040	-0.0026	0.0415	0.0009	0.0054	-0.0654	-0.0095	-0.0250	0.0058	0.0007	0.1494
175	0.0008	-0.0333	-0.0023	0.0027	0.0373	0.0013	0.0765	-0.0038	-0.0001	-0.0232	0.0031	-0.0062	-0.0009	0.0019	-0.0037	-0.0633	-0.0033	-0.0073	0.0046	0.0194	0.1476
142	-0.0128	-0.0088	0.0065	0.1121	-0.0187	-0.0098	0.0038	-0.0054	-0.0063	-0.0228	-0.0056	0.0087	0.0134	-0.0071	-0.0015	-0.0090	-0.0070	-0.0199	-0.0065	-0.0032	0.1445
56	-0.0029	-0.0041	-0.0022	-0.0049	-0.0011	-0.0024	-0.0026	-0.0141	0.1421	-0.0159	-0.0077	-0.0251	-0.0009	-0.0038	-0.0173	-0.0170	-0.0113	-0.0100	0.0011	0.0002	0.1433
14	-0.0132	-0.0012	-0.0015	-0.0128	-0.0007	-0.0029	-0.0019	0.0523	-0.0120	-0.0007	-0.0046	-0.0142	-0.0007	-0.0098	-0.0191	-0.0461	0.0175	0.0721	-0.0007	-0.0000	0.1419
199	-0.0001	-0.0009	0.0009	-0.0002	-0.0468	0.0005	-0.0017	-0.0175	0.0996	0.0117	0.0094	-0.0040	-0.0032	0.0182	-0.0070	-0.0351	-0.0040	-0.0161	0.0002	-0.0039	0.1405
10	0.0092	-0.0016	-0.0109	-0.0175	-0.0008	-0.0053	-0.0037	-0.0046	-0.0392	-0.0116	-0.0096	-0.0148	-0.0036	0.0292	0.0881	0.0112	-0.0092	-0.0046	-0.0008	-0.0000	0.1377
141	-0.0112	-0.0064	-0.0090	0.0092	-0.0080	-0.0114	-0.0067	-0.0058	-0.0089	-0.0036	-0.0059	-0.0126	-0.0049	-0.0041	-0.0088	-0.0168	-0.0086	0.1251	-0.0014	-0.0000	0.1343
159	-0.0217	-0.0093	0.0182	-0.0041	-0.0071	0.0706	-0.0050	-0.0214	-0.0022	-0.0291	-0.0008	-0.0093	-0.0019	-0.0005	-0.0043	-0.0132	-0.0044	0.0087	0.0012	0.0354	0.1341
111	0.0006	-0.0008	0.0015	0.0001	-0.0181	-0.0008	0.0717	-0.0118	0.0532	-0.0708	-0.0025	-0.0018	-0.0008	0.0002	-0.0020	-0.0197	-0.0032	0.0044	0.0010	-0.0001	0.1326
166	-0.0041	-0.0073	0.0564	-0.0048	-0.0088	0.0689	-0.0026	-0.0099	-0.0006	-0.0178	0.0021	-0.0100	-0.0003	0.0014	-0.0059	-0.0182	-0.0032	-0.0235	0.0032	-0.0148	0.1320
164	-0.0231	-0.0055	0.0372	-0.0017	-0.0026	0.0285	-0.0028	-0.0024	-0.0050	-0.0019	-0.0035	-0.0079	0.0072	-0.0011	0.0366	0.0215	-0.0640	-0.0086	-0.0012	0.0002	0.1313
54	0.0347	-0.0009	-0.0009	0.0071	-0.0046	0.0047	-0.0033	-0.0055	0.0056	-0.0737	0.0080	0.0025	0.0510	0.0066	-0.0008	-0.0181	-0.0204	-0.0030	0.0090	0.0020	0.1312
2	-0.0005	-0.0013	0.0001	0.0008	-0.0357	-0.0001	-0.0003	0.1241	-0.0014	-0.0234	-0.0029	-0.0083	-0.0009	0.0006	-0.0035	-0.0146	-0.0155	-0.0146	0.0022	-0.0048	0.1278
173	-0.0072	0.0057	-0.0020	0.0058	-0.0197	-0.0127	0.0051	0.0235	0.0047	0.0483	0.0066	0.0041	-0.0009	0.0068	0.0030	-0.0017	0.0025	-0.0818	0.0090	0.0009	0.1259
35	-0.0015	-0.0006	-0.0006	-0.0006	-0.0355	-0.0006	-0.0006	-0.0165	-0.0006	-0.0487	-0.0015	-0.0006	-0.0006	-0.0006	-0.0006	-0.0006	-0.0006	-0.0152	0.0007	0.1252	0.1259
154	-0.0415	0.0014	-0.0117	0.0295	-0.0085	-0.0197	0.0023	0.0432	0.0016	-0.0157	0.0045	0.0005	0.0142	0.0038	-0.0004	0.0096	0.0057	-0.0246	0.0055	0.0003	0.1221
156	-0.0007	-0.0034	-0.0013	0.0020	0.0113	0.0627	-0.0066	-0.0396	-0.0005	-0.0243	0.0026	-0.0022	0.0385	0.0003	-0.0117	-0.0152	-0.0036	-0.0104	0.0041	-0.0020	0.1215
200	-0.0035	-0.0052	-0.0002	0.0006	-0.0305	-0.0004	-0.0005	-0.0092	-0.0013	-0.0167	0.0010	-0.0027	-0.0121	0.0003	-0.0035	0.1172	-0.0117	-0.0054	0.0018	-0.0182	0.1209
61	0.0052	0.0684	0.0056	0.0055	-0.0090	-0.0086	0.0054	-0.0034	0.0045	-0.0178	0.0069	0.0015	0.0054	0.0054	-0.0135	-0.0465	0.0038	0.0022	-0.0080	-0.0129	0.1197
43	-0.0069	-0.0146	-0.0001	0.0005	0.0444	-0.0003	-0.0007	-0.0106	-0.0027	0.0363	0.0012	-0.0052	-0.0158	0.0002	-0.0043	0.0343	-0.0217	-0.0064	0.0024	-0.0301	0.1193
126	-0.0035	-0.0075	-0.0039	-0.0014	0.0300	-0.0024	-0.0031	-0.0341	-0.0032	-0.0023	-0.0011	-0.0083	0.0164	-0.0153	-0.0157	0.0432	-0.0071	0.0288	-0.0002	-0.0092	0.1185
32	-0.0100	0.0012	-0.0150	0.0033	-0.0459	-0.0031	0.0023	0.0766	0.0014	-0.0320	0.0033	-0.0005	-0.0009	0.0031	-0.0006	-0.0068	-0.0008	0.0218	0.0046	-0.0020	0.1177
5	-0.0016	-0.0143	-0.0006	-0.0003	0.0331	-0.0034	-0.0118	-0.0178	-0.0020	-0.0181	-0.0048	-0.0032	-0.0084	-0.0040	0.0174	-0.0198	-0.0041	0.0627	0.0002	0.0007	0.1141
196	-0.0053	-0.0020	-0.0003	-0.0121	-0.0049	0.1058	-0.0009	-0.0009	-0.0015	-0.0190	0.0019	-0.0029	-0.0009	0.0010	-0.0284	-0.0137	-0.0041	-0.0167	0.0024	0.0025	0.1135
128	0.0425	-0.0021	0.0011	-0.0012	-0.0032	0.0014	0.0447	-0.0107	-0.0057	-0.0121	-0.0079	-0.0121	-0.0033	-0.0371	0.0186	-0.0100	-0.0012	-0.0061	0.0039	0.0007	0.1128
46	-0.0018	0.0048	0.0062	0.0071	-0.0148	0.0060	0.0059	-0.0438	-0.0126	-0.0098	0.0074	-0.0088	-0.0008	0.0068	-0.0023	-0.0167	0.0567	0.0007	0.0085	0.0012	0.1114
125	-0.0046	-0.0146	-0.0013	0.0001	-0.0070	-0.0020	-0.0029	0.0010	-0.0020	0.0236	-0.0038	-0.0035	-0.0104	-0.0004	0.0088	-0.0228	-0.0141	-0.0216	0.0773	0.0003	0.1111
190	0.0746	0.0014	0.0033	-0.0008	-0.0080	0.0136	0.0029	-0.0094	0.0017	-0.0155	0.0049	-0.0002	-0.0009	-0.0009	-0.0017	-0.0226	-0.0199	-0.0305	0.0063	0.0016	0.1104
37	0.0169	-0.0022	-0.0106	-0.0047	-0.0102	-0.0189	-0.0013	0.0364	-0.0021	-0.0306	-0.0051	-0.0032	-0.0019	-0.0007	-0.0039	-0.0095	-0.0042	0.0552	0.0007	0.0000	0.1092
28	-0.0006	-0.0009	-0.0006	-0.0006	-0.0204	-0.0006	-0.0006	0.1088	-0.0006	-0.0355	-0.0150	-0.0006	-0.0006	-0.0006	-0.0006	-0.0006	-0.0006	-0.0031	-0.0105	-0.0160	0.1088
148	-0.0021	-0.0040	-0.0023	-0.0011	-0.0095	0.0633	-0.0010	-0.0165	-0.0039	-0.0185	0.0007	-0.0047	-0.0024	0.0322	-0.0117	-0.0148	0.0091	-0.0086	0.0019	-0.0059	0.1071
147	-0.0023	-0.0126	-0.0040	0.0009	-0.0106	0.0718	-0.0004	-0.0161	-0.0015	-0.0210	0.0015	-0.0053	-0.0012	0.0007	-0.0107	0.0283	-0.0052	-0.0154	0.0028	0.0004	0.1064
188	-0.0001	-0.0013	-0.0036	-0.0024	-0.0082	0.0003	-0.0030	-0.0097	-0.0018	0.0984	0.0006	-0.0027	-0.0128	-0.0101	-0.0128	-0.0139	-0.0040	-0.0163	0.0032	0.0001	0.1026
55	-0.0108	-0.0096	0.0003	0.0011	-0.0294	0.0000	-0.0001	0.0429	-0.0015	-0.0176	0.0014	-0.0069	-0.0048	0.0008	-0.0039	0.0312	0.0203	-0.0061	0.0026	-0.0100	0.1007
174	-0.0108	-0.0068	-0.0019	0.0399	-0.0044	0.0177	-0.0002	-0.0122	-0.0028	-0.0205	0.0026	0.0342	-0.0015	0.0011	-0.0083	-0.0115	-0.0095	-0.0093	0.0039	0.0002	0.0996
140	-0.0017	-0.0007	-0.0003	0.0003	-0.0035	0.0054	0.0013	-0.0214	-0.0030	-0.0346	0.0048	0.0451	-0.0018	0.0003	-0.0030	0.0323	-0.0093	-0.0034	0.0100	-0.0168	0.0995
122	0.0005	-0.0169	-0.0051	0.0015	0.0006	0.0009	-0.0018	0.0155	0.0072	-0.0182	-0.0008	-0.0156	-0.0009	0.0007	-0.0030	-0.0169	-0.0026	-0.0176	0.0015	0.0709	0.0993
194	-0.0141	-0.0006	-0.0116	-0.0006	-0.0006	-0.0077	-0.0006	-0.0282	-0.0006	-0.0227	-0.0006	-0.0006	-0.0013	-0.0006	-0.0064	-0.0006	-0.0006	0.0990	-0.0006	-0.0000	0.0990
170	-0.0054	-0.0024	-0.0020	0.0017	-0.0106	0.0003	-0.0019	-0.0128	-0.0058	-0.0274	0.0018	0.0069	-0.0017	0.0014	-0.0055	0.0342	-0.0172	-0.0057	0.0031	0.0489	0.0984
116	-0.0209	0.0051	-0.0004	0.0020	-0.0096	0.0197	0.0012	-0.0154	0.0001	-0.0167	0.0031	-0.0022	-0.0010	0.0023	-0.0052	0.0604	-0.0112	-0.0105	0.0043	-0.0050	0.0982
119	-0.0004	-0.0215	-0.0008	0.0011	0.0641	-0.0000	0.0273	-0.0110	-0.0012	-0.0128	0.0016	-0.0062	-0.0009	0.0008	-0.0038	-0.0136	-0.0039	-0.0063	0.0029	-0.0155	0.0978
87	-0.0095	-0.0019	0.0055	0.0210	-0.0172	-0.0067	-0.0011	-0.0147	0.0534	-0.0183	0.0122	-0.0027	-0.0015	-0.0009	-0.0044	-0.0091	-0.0040	0.0039	0.0011	-0.0050	0.0971
195	0.0027	0.0763	0.0034	-0.0008	-0.0188	0.0008	-0.0008	-0.0076	0.0019	-0.0156	0.0047	0.0003	0.0022	0.0039	-0.0099	-0.0200	-0.0008	-0.0008	-0.0039	-0.0170	0.0961
64	0.0020	-0.0051	-0.0041	0.0033	-0.0057	-0.0096	0.0009	-0.0187	-0.0070	-0.0133	0.0037	0.0094	0.0016	0.0031	-0.0195	0.0672	-0.0038	-0.0029	0.0047	-0.0062	0.0960
153	0.0000	-0.0008	0.0010	0.0016	-0.0115	0.0003	-0.0028	0.0349	-0.0012	-0.0435	0.0012	-0.0022	-0.0093	0.0301	-0.0055	-0.0104	-0.0034	0.0235	0.0029	-0.0048	0.0956
36	0.0153	-0.0009	0.0024	0.0012	0.0467	-0.0016	-0.0028	-0.0135	-0.0022	-0.0185	-0.0013	-0.0040	-0.0021	0.0001	-0.0043	-0.0366	0.0296	-0.0069	-0.0005	0.0000	0.0953
59	-0.0072	-0.0003	0.0803	-0.0020	-0.0089	-0.0093	-0.0025	-0.0008	-0.0001	-0.0026	0.0033	-0.0162	-0.0008	0.0020	-0.0032	-0.0125	-0.0034	-0.0013	0.0047	-0.0190	0.0903
62	0.0024	-0.0023	-0.0008	-0.0008	0.0723	-0.0017	0.0027	-0.0132	-0.0008	-0.0388	0.0043	-0.0020	0.0020	-0.0013	-0.0008	-0.0126	-0.0007	-0.0055	0.0054	-0.0076	0.0891
30	-0.0018	-0.0031	-0.0069	0.0599	-0.0153	-0.0041	-0.0049	-0.0007	-0.0220	-0.0024	-0.0004	0.0269	-0.0007	-0.0014	-0.0075	-0.0147	-0.0014	-0.0007	0.0012	0.0000	0.0880
26	0.0115	-0.0043	-0.0032	-0.0056	-0.0008	-0.0008	-0.0034	-0.0281	0.0009	0.0450	0.0200	-0.0021	-0.0008	-0.0045	-0.0086	-0.0151	-0.0097	0.0106	-0.0008	-0.0000	0.0879
53	-0.0048	-0.0127	0.0003	0.0014	-0.0009	-0.0010	0.0004	-0.0085	-0.0004	-0.0211	0.0020	-0.0020	-0.0176	0.0012	-0.0026	0.0824	-0.0108	-0.0047	-0.0008	0.0000	0.0878
145	0.0198	-0.0007	-0.0001	0.0016	-0.0082	0.0001	-0.0033	-0.0089	-0.0004	-0.0347	0.0021	-0.0019	0.0212	0.0007	-0.0062	0.0424	-0.0130	-0.0081	-0.0015	-0.0008	0.0878
187	0.0006	0.0003	0.0017	0.0025	-0.0077	0.0016	-0.0164	-0.0158	0.0006	0.0712	0.0025	-0.0005	-0.0094	0.0016	-0.0082	-0.0094	-0.0016	-0.0179	0.0031	0.0014	0.0871
178	-0.0091	-0.0045	0.0009	-0.0006	0.0008	-0.0006	-0.0241	-0.0006	-0.0006	-0.0006	-0.0088	0.0155	-0.0006	-0.0014	-0.0006	0.0154	0.0541	-0.0055	-0.0101	-0.0188	0.0867
149	-0.0028	-0.0015	0.0004	0.0013	-0.0073	0.0001	-0.0026	-0.0151	-0.0018	-0.0337	-0.0001	-0.0029	0.0021	0.0009	-0.0057	0.0251	0.0525	-0.0061	0.0029	-0.0057	0.0853
83	0.0662	-0.0072	-0.0010	-0.0013	-0.0113	0.0184	-0.0017	-0.0008	-0.0028	-0.0210	0.0001	-0.0044	-0.0008	-0.0007	-0.0120	-0.0097	-0.0011	-0.0008	-0.0008	-0.0072	0.0847
7	-0.0066	-0.0032	0.0112	0.0024	-0.0011	-0.0019	-0.0068	-0.0008	-0.0025	-0.0021	-0.0014	0.0083	0.0618	-0.0003	-0.0090	-0.0310	-0.0159	-0.0008	-0.0006	0.0001	0.0838
33	0.0507	0.0024	-0.0008	-0.0008	-0.0098	0.0006	0.0044	-0.0035	0.0028	-0.0244	0.0071	-0.0008	-0.0020	0.0059	-0.0008	-0.0046	-0.0046	-0.0317	0.0087	0.0010	0.0837
84	-0.0013	-0.0021	-0.0008	0.0315	-0.0008	-0.0035	-0.0014	-0.0045	-0.0184	-0.0011	0.0014	-0.0008	-0.0008	0.0480	-0.0139	-0.0134	-0.0048	-0.0163	0.0027	0.0000	0.0836
117	-0.0010	-0.0046	0.0009	0.0016	-0.0091	0.0194	0.0002	-0.0116	-0.0011	-0.0187	0.0023	0.0532	-0.0002	0.0016	-0.0063	-0.0105	-0.0036	-0.0099	0.0035	-0.0063	0.0828
27	0.0029	-0.0065	0.0036	0.0016	-0.0012	-0.0009	0.0018	-0.0125	0.0426	-0.0215	0.0030	-0.0033	0.0002	0.0022	0.0184	-0.0284	-0.0034	-0.0025	0.0058	-0.0020	0.0822
9	-0.0040	-0.0009	-0.0016	-0.0032	-0.0102	0.0227	0.0274	-0.0041	-0.0010	-0.0071	0.0027	0.0235	-0.0004	0.0013	-0.0218	-0.0156	-0.0039	-0.0080	0.0033	0.0010	0.0818
152	-0.0238	-0.0058	-0.0027	0.0002	-0.0071	0.0091	-0.0030	-0.0026	-0.0028	-0.0040	-0.0017	-0.0026	0.0565	-0.0017	-0.0070	0.0158	-0.0136	-0.0025	-0.0008	0.0001	0.0817
138	-0.0009	-0.0017	-0.0006	-0.0002	0.0061	-0.0006	-0.0032	-0.0188	-0.0019	0.0751	-0.0029	-0.0061	-0.0037	-0.0016	-0.0070	-0.0156	-0.0063	-0.0094	-0.0009	0.0001	0.0813
48	0.0010	-0.0000	0.0014	-0.0024	-0.0008	-0.0008	0.0000	-0.0172	0.0133	-0.0191	-0.0070	0.0357	-0.0008	0.0296	-0.0051	-0.0111	-0.0110	-0.0048	-0.0008	0.0000	0.0810
4	-0.0005	-0.0018	-0.0062	0.0013	-0.0023	-0.0000	0.0006	-0.0077	-0.0076	-0.0063	0.0017	0.0388	-0.0015	0.0336	-0.0050	-0.0260	-0.0077	-0.0074	0.0033	0.0007	0.0800
42	0.0237	-0.0014	-0.0035	-0.0025	-0.0106	-0.0035	-0.0034	-0.0051	-0.0053	-0.0058	-0.0024	-0.0022	-0.0114	-0.0028	-0.0074	0.0323	0.0240	-0.0115	-0.0011	-0.0000	0.0800
130	0.0016	0.0007	0.0010	-0.0101	-0.0065	0.0019	0.0016	-0.0108	0.0360	-0.0146	-0.0068	0.0310	0.0012	-0.0017	-0.0067	-0.0091	-0.0055	-0.0035	0.0045	-0.0043	0.0795
155	0.0312	-0.0110	-0.0075	0.0070	-0.0013	-0.0040	-0.0015	-0.0015	-0.0048	-0.0027	-0.0017	-0.0064	-0.0052	0.0266	0.0133	-0.0199	-0.0082	-0.0019	-0.0004	0.0000	0.0782
191	-0.0008	-0.0035	0.0001	-0.0008	-0.0060	-0.0008	-0.0069	-0.0014	-0.0032	-0.0008	-0.0008	0.0036	0.0738	-0.0015	-0.0086	-0.0277	-0.0110	-0.0045	0.0005	0.0000	0.0780
189	0.0013	0.0003	-0.0012	-0.0008	-0.0053	0.0017	0.0396	-0.0049	-0.0008	-0.0118	0.0034	0.0235	0.0008	0.0025	-0.0023	-0.0183	-0.0054	-0.0045	0.0046	-0.0224	0.0777
157	0.0006	-0.0012	-0.0042	0.0311	-0.0080	0.0192	-0.0060	-0.0009	-0.0051	-0.0226	0.0033	0.0153	-0.0009	0.0024	-0.0040	-0.0083	-0.0151	-0.0009	0.0048	0.0003	0.0770
108	-0.0194	-0.0010	-0.0006	-0.0015	-0.0006	-0.0044	-0.0006	0.0407	-0.0006	-0.0006	-0.0006	-0.0006	-0.0006	-0.0006	-0.0006	-0.0417	0.0341	-0.0007	-0.0006	-0.0000	0.0749
132	-0.0007	-0.0016	-0.0002	-0.0037	-0.0075	-0.0009	-0.0005	-0.0064	0.0101	-0.0192	-0.0014	0.0400	-0.0011	-0.0025	0.0242	-0.0126	-0.0095	-0.0063	-0.0009	0.0005	0.0748
58	-0.0027	-0.0012	-0.0061	-0.0025	-0.0013	-0.0023	-0.0038	0.0725	-0.0046	-0.0048	-0.0028	-0.0069	-0.0053	-0.0045	-0.0027	-0.0067	-0.0058	-0.0081	-0.0004	-0.0000	0.0725
97	-0.0007	0.0021	0.0501	-0.0033	-0.0048	-0.0117	-0.0008	-0.0059	0.0022	-0.0128	0.0048	-0.0095	0.0026	0.0041	0.0000	-0.0066	-0.0000	-0.0162	0.0059	0.0007	0.0724
85	-0.0126	-0.0013	0.0014	0.0024	-0.0018	0.0011	0.0014	-0.0116	-0.0009	-0.0015	0.0028	-0.0097	-0.0023	0.0022	-0.0032	-0.0211	0.0558	-0.0056	0.0042	0.0002	0.0716
185	-0.0005	-0.0005	-0.0005	-0.0005	-0.0093	-0.0005	-0.0005	-0.0060	-0.0005	-0.0394	-0.0062	-0.0005	-0.0005	-0.0005	-0.0005	-0.0005	-0.0005	-0.0008	-0.0026	0.0715	0.0715
151	-0.0040	-0.0019	-0.0008	0.0012	-0.0140	-0.0003	-0.0007	-0.0043	-0.0027	-0.0207	0.0019	0.0199	-0.0020	0.0007	-0.0039	0.0429	-0.0096	-0.0058	0.0032	0.0010	0.0708
158	-0.0050	-0.0270	-0.0065	-0.0033	-0.0006	0.0373	-0.0016	-0.0007	-0.0036	-0.0013	-0.0016	0.0277	-0.0037	-0.0025	-0.0052	0.0047	-0.0042	-0.0009	-0.0021	-0.0000	0.0697
40	-0.0004	-0.0009	-0.0061	0.0013	-0.0020	-0.0002	-0.0032	-0.0009	-0.0074	-0.0080	0.0019	0.0592	-0.0008	0.0010	-0.0041	-0.0203	-0.0121	-0.0009	0.0033	0.0003	0.0669
1	0.0026	-0.0014	-0.0053	0.0043	-0.0071	0.0030	-0.0030	-0.0073	-0.0045	-0.0108	0.0048	0.0388	0.0021	0.0039	-0.0010	-0.0172	-0.0046	-0.0035	0.0061	0.0003	0.0658
98	-0.0077	-0.0007	0.0190	0.0441	-0.0007	-0.0080	-0.0064	-0.0012	-0.0026	-0.0015	-0.0009	-0.0068	-0.0018	-0.0002	-0.0050	-0.0132	-0.0050	-0.0033	0.0021	0.0001	0.0652
24	-0.0052	-0.0007	-0.0042	0.0016	-0.0007	-0.0016	-0.0054	-0.0007	-0.0075	-0.0007	-0.0008	0.0500	-0.0007	0.0123	-0.0072	-0.0180	-0.0083	-0.0031	0.0011	0.0000	0.0650
100	-0.0025	-0.0004	-0.0008	-0.0008	-0.0054	-0.0008	0.0004	0.0071	-0.0065	0.0188	-0.0304	-0.0030	-0.0008	0.0010	-0.0048	-0.0020	0.0357	-0.0037	0.0020	-0.0029	0.0649
63	-0.0043	-0.0024	0.0017	0.0025	-0.0009	-0.0001	0.0013	-0.0208	-0.0015	-0.0145	0.0016	-0.0045	-0.0009	0.0022	-0.0058	0.0423	0.0085	-0.0039	0.0040	-0.0046	0.0640
73	-0.0047	-0.0007	-0.0007	-0.0021	-0.0007	-0.0041	-0.0007	-0.0007	-0.0043	-0.0007	-0.0052	-0.0130	-0.0012	-0.0091	0.0044	-0.0146	0.0594	-0.0007	-0.0007	-0.0000	0.0638
60	0.0022	0.0015	0.0026	0.0032	-0.0230	0.0024	-0.0001	-0.0109	0.0016	0.0416	0.0025	0.0006	-0.0009	0.0022	-0.0042	-0.0140	-0.0001	-0.0079	0.0021	-0.0013	0.0625
135	-0.0071	-0.0012	-0.0187	-0.0003	-0.0006	0.0609	-0.0094	-0.0006	-0.0006	-0.0006	-0.0016	-0.0022	-0.0006	-0.0089	-0.0006	-0.0010	-0.0056	-0.0006	-0.0006	-0.0000	0.0609
3	-0.0072	0.0005	0.0017	0.0026	-0.0054	0.0016	0.0014	-0.0031	-0.0037	-0.0142	0.0030	-0.0011	-0.0025	0.0023	-0.0070	-0.0129	0.0425	-0.0036	0.0041	0.0009	0.0608
71	-0.0005	-0.0007	-0.0005	-0.0005	-0.0000	-0.0005	-0.0005	-0.0094	-0.0005	0.0606	-0.0005	-0.0005	-0.0005	-0.0005	-0.0005	-0.0005	-0.0011	-0.0427	-0.0005	-0.0000	0.0606
104	-0.0007	-0.0018	-0.0007	-0.0007	-0.0092	-0.0007	-0.0007	-0.0106	-0.0007	0.0593	-0.0077	-0.0007	-0.0007	-0.0007	-0.0007	-0.0007	-0.0007	-0.0128	-0.0024	-0.0065	0.0593
186	-0.0010	-0.0007	-0.0061	0.0462	-0.0007	-0.0030	0.0011	-0.0007	-0.0155	-0.0007	0.0039	-0.0032	-0.0001	0.0018	-0.0049	-0.0168	-0.0050	-0.0007	0.0059	0.0001	0.0590
74	-0.0023	0.0073	-0.0002	-0.0002	0.0431	-0.0418	-0.0006	-0.0005	-0.0010	-0.0005	-0.0002	-0.0003	-0.0005	-0.0011	-0.0003	-0.0049	-0.0005	0.0048	-0.0002	-0.0000	0.0552
75	0.0231	-0.0016	0.0080	0.0002	-0.0110	-0.0020	-0.0006	-0.0083	-0.0000	-0.0110	0.0027	-0.0056	-0.0007	0.0018	-0.0029	0.0151	-0.0073	-0.0041	0.0039	0.0004	0.0551
41	-0.0014	0.0000	0.0027	0.0036	-0.0113	0.0026	0.0025	-0.0062	0.0016	-0.0175	0.0039	0.0003	-0.0055	0.0033	-0.0005	0.0281	-0.0045	-0.0024	0.0049	-0.0042	0.0535
66	0.0024	-0.0051	-0.0015	0.0035	-0.0092	0.0027	-0.0096	-0.0047	0.0018	-0.0101	0.0038	-0.0036	0.0021	0.0033	-0.0008	-0.0057	-0.0000	-0.0016	0.0046	0.0278	0.0519
193	0.0006	-0.0007	-0.0007	0.0069	-0.0008	-0.0007	-0.0007	-0.0361	-0.0007	-0.0007	-0.0007	0.0034	-0.0022	-0.0007	-0.0017	-0.0015	0.0255	0.0016	0.0081	0.0020	0.0480
44	0.0019	-0.0009	0.0025	0.0033	0.0206	0.0023	0.0021	-0.0142	0.0012	-0.0122	0.0037	-0.0001	0.0015	0.0030	-0.0011	-0.0032	-0.0011	-0.0088	0.0047	-0.0053	0.0470
184	-0.0066	-0.0031	0.0002	0.0009	-0.0038	-0.0000	-0.0002	-0.0077	-0.0008	-0.0073	0.0012	-0.0020	-0.0008	0.0007	-0.0027	0.0398	-0.0056	-0.0046	0.0020	0.0004	0.0452
143	0.0013	-0.0038	0.0001	0.0024	0.0270	0.0015	-0.0006	-0.0065	0.0007	-0.0140	0.0027	-0.0053	0.0009	0.0022	-0.0012	-0.0055	-0.0012	-0.0030	0.0035	-0.0014	0.0424
118	0.0006	-0.0005	-0.0008	0.0017	-0.0014	0.0005	-0.0005	-0.0008	-0.0048	-0.0008	0.0028	0.0299	0.0001	0.0018	-0.0031	-0.0124	-0.0043	-0.0055	0.0041	-0.0064	0.0415
31	0.0027	0.0116	0.0034	0.0045	-0.0091	-0.0013	0.0030	-0.0094	0.0017	-0.0048	0.0051	-0.0001	0.0020	0.0042	-0.0027	-0.0081	-0.0014	-0.0041	0.0029	0.0000	0.0411
18	0.0296	-0.0012	0.0004	-0.0003	-0.0012	-0.0008	-0.0028	-0.0007	-0.0012	-0.0007	0.0021	-0.0030	0.0044	0.0006	-0.0008	-0.0265	-0.0010	-0.0007	0.0035	0.0001	0.0408
123	0.0011	-0.0040	-0.0007	0.0022	-0.0085	0.0014	-0.0098	-0.0007	0.0006	-0.0011	0.0025	-0.0007	0.0008	0.0020	-0.0011	-0.0095	-0.0007	-0.0028	0.0033	0.0257	0.0397
144	0.0027	-0.0034	-0.0035	0.0057	-0.0008	-0.0002	-0.0078	-0.0012	-0.0054	-0.0007	0.0027	0.0110	-0.0034	0.0071	-0.0048	0.0075	-0.0024	-0.0058	0.0026	0.0002	0.0396
47	0.0025	-0.0043	0.0028	0.0034	0.0084	0.0027	0.0026	-0.0065	0.0020	-0.0253	0.0036	0.0011	0.0022	0.0032	-0.0006	-0.0006	0.0005	-0.0020	0.0043	0.0000	0.0395
65	-0.0050	0.0014	-0.0007	-0.0007	-0.0032	-0.0022	-0.0007	-0.0051	-0.0007	-0.0138	-0.0025	-0.0007	-0.0007	-0.0007	-0.0007	-0.0007	-0.0002	0.0332	0.0038	0.0000	0.0384
90	-0.0021	0.0007	0.0219	-0.0015	-0.0014	-0.0007	-0.0012	-0.0007	0.0009	-0.0037	0.0047	-0.0074	-0.0007	0.0036	-0.0025	-0.0128	-0.0026	-0.0007	0.0063	0.0001	0.0381
22	0.0238	0.0000	0.0002	0.0008	-0.0041	-0.0066	0.0013	-0.0008	0.0002	-0.0022	0.0034	-0.0015	-0.0008	0.0025	-0.0026	-0.0156	-0.0023	-0.0008	0.0047	0.0005	0.0373
146	0.0118	-0.0016	0.0243	-0.0009	-0.0008	-0.0029	-0.0023	-0.0008	-0.0026	-0.0008	-0.0001	-0.0049	-0.0012	-0.0007	-0.0084	-0.0011	-0.0067	-0.0015	0.0010	0.0000	0.0371
8	0.0006	-0.0006	0.0009	0.0013	0.0262	0.0008	0.0007	-0.0104	0.0002	-0.0131	0.0015	-0.0006	0.0003	0.0012	-0.0006	-0.0006	-0.0006	-0.0007	0.0021	-0.0083	0.0357
52	-0.0012	0.0006	-0.0007	-0.0007	-0.0065	-0.0007	0.0012	-0.0083	-0.0007	-0.0106	0.0011	-0.0007	-0.0007	0.0018	-0.0007	-0.0007	-0.0007	0.0252	0.0028	0.0002	0.0329
23	-0.0005	-0.0005	-0.0005	-0.0005	-0.0244	-0.0005	-0.0005	-0.0005	-0.0005	-0.0005	-0.0005	-0.0005	-0.0005	-0.0005	-0.0005	-0.0005	-0.0005	-0.0005	0.0323	0.0001	0.0323
91	0.0018	-0.0025	-0.0006	0.0027	-0.0052	0.0020	-0.0058	-0.0029	0.0013	-0.0085	0.0029	-0.0047	0.0015	0.0025	-0.0002	-0.0006	-0.0002	-0.0006	0.0036	0.0136	0.0318
94	-0.0026	-0.0012	-0.0005	-0.0005	-0.0005	-0.0005	-0.0107	-0.0005	-0.0088	-0.0005	-0.0005	-0.0015	-0.0005	-0.0005	0.0315	-0.0005	-0.0005	-0.0005	-0.0005	-0.0000	0.0315
12	0.0020	-0.0005	0.0023	0.0028	0.0053	0.0022	0.0021	-0.0059	0.0016	-0.0197	0.0030	0.0009	0.0018	0.0026	0.0004	-0.0005	0.0003	-0.0044	0.0036	0.0000	0.0310
161	-0.0021	-0.0001	-0.0001	-0.0001	-0.0003	-0.0001	-0.0001	-0.0005	-0.0005	-0.0005	-0.0001	-0.0005	-0.0212	-0.0001	-0.0005	-0.0025	0.0296	-0.0003	-0.0001	-0.0000	0.0296
121	0.0004	-0.0027	-0.0007	0.0012	0.0164	0.0006	-0.0035	-0.0076	-0.0000	-0.0102	0.0015	-0.0008	0.0002	0.0011	-0.0007	-0.0013	-0.0007	-0.0013	0.0021	0.0059	0.0293
89	0.0095	0.0004	-0.0005	0.0033	-0.0005	-0.0005	0.0020	-0.0005	0.0007	-0.0005	0.0042	-0.0005	-0.0008	0.0032	-0.0005	-0.0163	-0.0069	-0.0012	0.0057	0.0000	0.0290
81	0.0106	0.0001	0.0018	0.0002	-0.0006	-0.0001	0.0019	-0.0006	0.0004	-0.0006	0.0044	-0.0006	-0.0006	0.0032	-0.0033	-0.0192	-0.0013	-0.0016	0.0061	0.0000	0.0285
134	0.0012	-0.0009	0.0003	0.0024	0.0053	0.0015	0.0002	-0.0007	0.0006	-0.0114	0.0027	-0.0018	0.0008	0.0021	-0.0014	-0.0101	-0.0010	-0.0007	0.0036	0.0073	0.0280
67	0.0188	0.0010	-0.0006	-0.0006	-0.0010	-0.0006	0.0011	-0.0041	0.0006	-0.0064	0.0021	-0.0006	-0.0006	0.0017	-0.0006	-0.0006	-0.0009	-0.0111	0.0027	0.0000	0.0280
136	-0.0006	-0.0021	-0.0006	-0.0006	-0.0006	-0.0006	-0.0121	-0.0018	0.0034	-0.0018	-0.0026	-0.0006	-0.0006	0.0073	0.0161	-0.0014	-0.0006	-0.0006	-0.0006	0.0010	0.0278
105	0.0111	0.0004	-0.0005	0.0026	-0.0005	-0.0015	0.0017	-0.0005	0.0006	-0.0005	0.0034	-0.0005	-0.0005	0.0027	-0.0005	-0.0119	-0.0092	-0.0007	0.0046	0.0000	0.0271
51	-0.0006	-0.0006	-0.0006	-0.0006	-0.0006	0.0194	0.0003	-0.0006	-0.0010	-0.0006	0.0023	-0.0033	-0.0006	0.0014	-0.0092	-0.0071	-0.0006	-0.0006	0.0036	0.0000	0.0270
69	-0.0009	-0.0005	-0.0005	-0.0004	-0.0005	-0.0005	-0.0005	-0.0005	-0.0005	-0.0005	-0.0015	-0.0005	-0.0005	-0.0004	-0.0005	-0.0166	0.0264	-0.0005	-0.0002	-0.0002	0.0264
45	-0.0030	-0.0029	0.0004	0.0012	-0.0008	0.0004	0.0002	-0.0008	-0.0006	-0.0008	0.0018	-0.0020	-0.0031	0.0011	-0.0026	0.0176	-0.0068	-0.0008	0.0013	0.0001	0.0240
79	-0.0006	-0.0012	-0.0006	0.0021	-0.0006	-0.0006	-0.0043	-0.0006	-0.0046	-0.0007	0.0038	-0.0034	-0.0006	0.0113	-0.0007	-0.0034	-0.0006	-0.0006	0.0057	0.0000	0.0229
150	0.0009	0.0074	0.0016	0.0027	-0.0006	-0.0000	0.0012	-0.0054	-0.0000	-0.0028	0.0032	-0.0018	0.0004	0.0023	-0.0027	-0.0028	-0.0031	-0.0033	0.0029	0.0000	0.0226
176	-0.0001	-0.0006	0.0011	0.0008	-0.0006	0.0007	-0.0074	-0.0006	-0.0009	-0.0006	0.0035	-0.0043	-0.0006	0.0106	-0.0006	-0.0049	-0.0008	-0.0006	0.0057	0.0000	0.0224
11	-0.0006	0.0003	-0.0006	0.0002	-0.0040	-0.0006	0.0009	-0.0023	0.0004	-0.0119	-0.0000	-0.0006	0.0005	0.0013	-0.0006	-0.0006	-0.0007	0.0165	0.0022	0.0000	0.0223
21	0.0012	-0.0006	-0.0006	0.0024	-0.0109	0.0015	-0.0019	-0.0006	0.0007	-0.0006	0.0027	-0.0006	0.0009	0.0022	-0.0006	-0.0008	-0.0013	-0.0029	0.0036	0.0060	0.0212
77	-0.0006	0.0001	-0.0006	-0.0006	-0.0006	-0.0006	0.0006	-0.0082	0.0002	-0.0073	0.0003	-0.0005	0.0003	0.0010	-0.0006	-0.0006	-0.0006	0.0165	0.0018	0.0000	0.0207
72	-0.0006	0.0003	-0.0006	-0.0006	-0.0006	-0.0006	0.0009	0.0130	-0.0006	-0.0136	-0.0006	-0.0006	0.0005	0.0014	-0.0006	-0.0006	-0.0006	0.0012	0.0025	0.0000	0.0198
133	-0.0008	-0.0009	0.0011	0.0022	-0.0010	0.0008	-0.0006	-0.0007	-0.0006	-0.0006	0.0028	-0.0006	0.0079	0.0007	-0.0006	-0.0116	-0.0006	-0.0014	0.0043	0.0000	0.0198
6	0.0008	0.0069	0.0016	0.0026	-0.0055	-0.0007	0.0011	-0.0011	-0.0001	-0.0011	0.0031	-0.0018	0.0003	0.0023	-0.0005	-0.0037	-0.0031	-0.0022	0.0011	0.0000	0.0198
34	-0.0010	-0.0018	0.0082	-0.0051	-0.0005	-0.0009	-0.0005	-0.0005	-0.0014	-0.0005	0.0034	-0.0032	-0.0005	0.0021	-0.0010	-0.0012	-0.0005	-0.0005	0.0054	0.0000	0.0191
57	0.0016	0.0013	0.0018	0.0021	-0.0100	0.0017	0.0003	-0.0023	0.0014	0.0039	0.0000	0.0009	-0.0005	0.0004	-0.0005	-0.0005	0.0005	-0.0031	0.0011	0.0000	0.0170
38	0.0001	-0.0006	0.0003	0.0007	0.0112	0.0002	-0.0006	-0.0056	-0.0002	0.0020	0.0008	-0.0006	-0.0006	-0.0006	-0.0006	-0.0006	-0.0006	-0.0057	0.0013	0.0000	0.0166
50	0.0004	-0.0006	-0.0006	0.0016	-0.0104	0.0007	-0.0006	-0.0006	-0.0003	-0.0006	0.0020	-0.0006	0.0000	0.0014	-0.0006	-0.0006	-0.0006	-0.0006	0.0029	0.0071	0.0162
103	-0.0005	0.0005	-0.0005	0.0002	-0.0005	-0.0005	0.0013	-0.0111	0.0007	-0.0005	0.0021	-0.0003	0.0009	0.0020	-0.0005	-0.0005	-0.0005	0.0043	0.0032	0.0000	0.0152
180	-0.0005	0.0007	-0.0005	-0.0005	-0.0005	-0.0005	0.0015	-0.0095	0.0008	-0.0005	-0.0005	-0.0002	0.0010	0.0021	-0.0005	-0.0005	-0.0005	0.0050	0.0034	0.0000	0.0144
182	-0.0005	0.0006	0.0003	-0.0005	-0.0005	-0.0005	0.0014	-0.0093	0.0007	-0.0005	-0.0005	-0.0002	0.0010	0.0020	-0.0005	-0.0005	-0.0005	0.0045	0.0033	0.0000	0.0138
107	0.0002	-0.0006	-0.0010	0.0015	-0.0005	0.0006	-0.0005	-0.0005	-0.0048	-0.0005	0.0019	0.0051	-0.0001	0.0013	-0.0020	-0.0017	-0.0005	-0.0005	0.0029	0.0000	0.0133
112	-0.0005	-0.0005	0.0065	-0.0052	-0.0005	-0.0005	-0.0005	-0.0005	-0.0005	-0.0005	0.0018	-0.0005	-0.0005	0.0007	-0.0005	-0.0005	-0.0016	-0.0005	0.0036	0.0000	0.0126
95	0.0008	0.0004	0.0010	0.0014	-0.0006	0.0009	0.0009	-0.0034	0.0005	0.0062	-0.0024	-0.0001	-0.0006	-0.0006	-0.0006	-0.0006	-0.0006	-0.0023	-0.0006	0.0000	0.0122
181	-0.0004	0.0005	-0.0004	-0.0001	-0.0004	-0.0004	0.0010	-0.0080	0.0006	-0.0004	0.0015	-0.0001	0.0007	0.0014	-0.0004	-0.0004	-0.0004	0.0039	0.0022	0.0000	0.0118
96	-0.0015	-0.0005	0.0004	0.0012	-0.0005	0.0003	-0.0005	-0.0005	-0.0005	-0.0005	0.0016	-0.0020	0.0053	-0.0005	-0.0005	-0.0032	-0.0005	-0.0005	0.0026	0.0000	0.0113
106	-0.0004	-0.0004	-0.0004	-0.0004	-0.0039	-0.0004	-0.0004	-0.0004	-0.0004	-0.0004	-0.0002	-0.0004	-0.0004	-0.0004	-0.0004	-0.0004	-0.0004	-0.0004	0.0113	0.0000	0.0113
165	0.0003	-0.0005	-0.0005	0.0013	-0.0009	0.0006	-0.0058	-0.0005	-0.0002	-0.0005	0.0016	-0.0005	-0.0000	0.0011	-0.0005	-0.0005	-0.0005	-0.0005	0.0025	0.0037	0.0111
17	-0.0006	-0.0006	-0.0006	0.0004	0.0071	-0.0006	-0.0009	-0.0006	-0.0006	-0.0006	0.0008	-0.0033	-0.0006	0.0001	-0.0006	-0.0006	-0.0006	-0.0006	0.0026	0.0000	0.0110
68	-0.0005	-0.0035	0.0060	-0.0005	-0.0005	-0.0005	-0.0011	-0.0005	-0.0005	-0.0005	0.0013	-0.0005	-0.0005	0.0001	-0.0005	-0.0005	-0.0005	-0.0005	0.0032	0.0000	0.0106
13	-0.0005	-0.0005	-0.0012	0.0009	-0.0005	-0.0001	-0.0029	-0.0005	-0.0005	-0.0005	0.0013	0.0041	-0.0005	0.0006	-0.0005	-0.0005	-0.0005	-0.0005	0.0024	0.0000	0.0094
88	0.0003	-0.0001	0.0006	0.0010	-0.0005	0.0005	0.0004	0.0033	-0.0005	-0.0005	-0.0005	-0.0005	0.0001	0.0009	-0.0005	-0.0005	-0.0005	-0.0050	0.0018	0.0000	0.0090
127	-0.0002	-0.0004	0.0003	0.0011	-0.0004	-0.0004	-0.0004	-0.0004	-0.0018	-0.0004	0.0013	-0.0004	-0.0004	-0.0004	0.0038	-0.0012	-0.0004	-0.0004	0.0017	0.0000	0.0081
131	0.0002	-0.0002	0.0004	0.0008	-0.0004	0.0003	-0.0006	0.0034	-0.0001	0.0026	-0.0001	-0.0006	-0.0006	0.0002	-0.0006	-0.0006	-0.0006	-0.0037	0.0001	0.0001	0.0081
86	-0.0005	-0.0004	-0.0004	-0.0004	-0.0005	0.0049	-0.0004	-0.0007	-0.0004	-0.0005	0.0006	-0.0004	-0.0004	-0.0004	-0.0004	-0.0004	-0.0004	-0.0005	0.0022	0.0000	0.0077
80	-0.0005	0.0004	-0.0005	-0.0005	-0.0005	-0.0005	0.0007	0.0001	-0.0005	-0.0027	-0.0005	-0.0001	0.0005	0.0008	-0.0005	-0.0005	-0.0005	0.0038	0.0012	0.0000	0.0076
19	-0.0007	-0.0001	-0.0002	-0.0001	-0.0005	-0.0001	0.0003	-0.0006	-0.0006	-0.0005	-0.0001	-0.0034	0.0016	-0.0001	-0.0002	0.0043	0.0012	-0.0002	-0.0000	0.0000	0.0072
102	-0.0002	0.0047	0.0002	0.0007	-0.0004	-0.0004	-0.0000	-0.0021	-0.0004	-0.0004	0.0010	-0.0004	-0.0004	0.0006	-0.0004	-0.0004	-0.0004	-0.0004	-0.0004	0.0000	0.0071
20	-0.0027	0.0000	-0.0005	0.0004	-0.0005	-0.0005	0.0005	-0.0005	0.0001	-0.0005	0.0001	-0.0005	0.0002	0.0008	-0.0005	-0.0005	-0.0005	0.0032	0.0016	0.0000	0.0069
137	-0.0004	-0.0004	0.0045	-0.0004	-0.0004	-0.0004	-0.0004	-0.0004	-0.0004	-0.0004	0.0006	-0.0004	-0.0004	-0.0000	-0.0004	-0.0004	-0.0004	-0.0004	0.0015	0.0000	0.0066
82	-0.0004	-0.0004	-0.0004	0.0003	-0.0004	-0.0004	-0.0004	-0.0004	-0.0004	-0.0004	0.0006	-0.0004	0.0041	-0.0004	-0.0004	-0.0004	-0.0004	-0.0004	0.0015	0.0000	0.0066
25	-0.0000	-0.0008	0.0005	0.0013	-0.0005	-0.0005	0.0002	-0.0005	-0.0005	-0.0005	-0.0005	-0.0005	-0.0005	0.0007	0.0039	-0.0005	-0.0007	-0.0005	-0.0005	0.0000	0.0066
93	-0.0004	-0.0004	-0.0004	0.0006	-0.0006	-0.0002	-0.0004	-0.0004	-0.0004	-0.0004	0.0009	-0.0004	-0.0004	0.0004	-0.0004	-0.0004	-0.0004	-0.0004	0.0017	0.0029	0.0064
49	-0.0004	0.0045	-0.0001	0.0006	-0.0004	-0.0004	-0.0004	-0.0004	-0.0004	-0.0004	0.0010	-0.0004	-0.0004	0.0004	-0.0004	-0.0004	-0.0004	-0.0004	-0.0006	0.0000	0.0064
101	-0.0004	-0.0004	-0.0004	0.0001	-0.0004	0.0042	-0.0004	-0.0004	-0.0004	-0.0004	0.0005	-0.0004	-0.0004	-0.0002	-0.0004	-0.0004	-0.0004	-0.0004	0.0016	0.0000	0.0063
124	0.0002	-0.0001	0.0004	0.0007	-0.0004	-0.0004	0.0003	-0.0018	-0.0004	-0.0004	-0.0004	-0.0004	0.0001	0.0006	0.0040	-0.0004	-0.0004	-0.0004	-0.0004	0.0000	0.0063
76	-0.0006	-0.0001	0.0023	0.0010	-0.0004	-0.0006	0.0011	-0.0004	-0.0006	-0.0006	-0.0001	-0.0006	-0.0001	0.0010	-0.0002	-0.0004	-0.0002	-0.0006	0.0003	0.0000	0.0057
92	-0.0002	-0.0004	-0.0004	0.0005	-0.0004	-0.0000	-0.0004	-0.0004	-0.0004	-0.0004	0.0007	0.0029	-0.0004	0.0003	-0.0004	-0.0005	-0.0004	-0.0004	0.0012	0.0000	0.0056
179	0.0001	-0.0004	0.0003	0.0007	-0.0004	-0.0004	0.0002	-0.0004	-0.0004	-0.0004	-0.0004	-0.0004	-0.0001	0.0005	0.0036	-0.0004	-0.0004	-0.0004	-0.0004	0.0000	0.0054
99	-0.0002	-0.0005	0.0000	0.0004	0.0028	-0.0000	-0.0001	-0.0005	-0.0005	-0.0005	0.0005	-0.0005	-0.0004	0.0003	-0.0005	-0.0005	-0.0005	-0.0005	0.0013	0.0000	0.0053
177	0.0030	-0.0001	-0.0005	-0.0001	-0.0003	-0.0005	-0.0001	-0.0003	-0.0001	-0.0006	-0.0000	-0.0001	0.0019	-0.0001	-0.0002	-0.0011	-0.0005	-0.0005	-0.0000	0.0000	0.0050
167	-0.0002	-0.0005	0.0001	0.0004	0.0021	-0.0000	-0.0001	-0.0005	-0.0005	-0.0005	0.0006	-0.0005	-0.0003	0.0003	-0.0005	-0.0005	-0.0005	-0.0005	0.0011	0.0000	0.0046
70	0.0000	-0.0004	0.0001	0.0003	0.0018	0.0001	0.0001	-0.0004	-0.0002	-0.0004	0.0004	-0.0004	-0.0001	0.0003	-0.0004	-0.0004	-0.0004	-0.0004	0.0007	0.0000	0.0038
139	-0.0001	-0.0002	0.0002	0.0000	-0.0007	0.0003	-0.0001	-0.0003	-0.0000	-0.0007	-0.0000	0.0002	-0.0007	-0.0000	-0.0000	0.0013	0.0011	-0.0002	-0.0000	0.0000	0.0032
162	-0.0000	-0.0000	-0.0000	-0.0000	-0.0000	-0.0000	-0.0000	0.0000	-0.0000	0.0000	-0.0000	-0.0000	-0.0000	-0.0000	-0.0000	-0.0000	-0.0000	-0.0000	-0.0000	0.0000	0.0000
183	-0.0000	-0.0000	-0.0000	-0.0000	-0.0000	-0.0000	-0.0000	0.0000	-0.0000	0.0000	0.0000	-0.0000	-0.0000	-0.0000	-0.0000	-0.0000	-0.0000	-0.0000	-0.0000	0.0000	0.0000