# Omega fit to each site after fixing tree and all other parameters.
# Fits compared to null model of omega = 1.
# P-values NOT corrected for multiple testing, so consider Q-values too.
# Q-values computed separately for omega > and < 1 # Will fit different synonymous rate for each site.
#
site	omega	P	dLnL	Q
78	0.000	8.69e-11	21.047	1.75e-08
192	0.000	4.74e-09	17.147	4.76e-07
188	0.000	1.56e-08	15.988	1.05e-06
199	0.041	5.21e-08	14.819	2.62e-06
201	0.000	1.18e-07	14.027	4.75e-06
166	0.021	1.76e-06	11.423	5.88e-05
109	0.049	2.82e-06	10.967	8.1e-05
197	0.000	4.3e-06	10.564	0.000108
172	0.036	7.91e-06	9.980	0.000177
123	0.000	1.03e-05	9.728	0.000186
60	0.000	1.07e-05	9.687	0.000186
175	0.029	1.11e-05	9.655	0.000186
108	0.043	1.27e-05	9.531	0.000196
194	0.000	1.55e-05	9.339	0.000222
59	0.000	1.88e-05	9.153	0.000252
186	0.000	2.16e-05	9.022	0.000271
98	0.020	4.1e-05	8.411	0.000485
48	0.033	4.35e-05	8.357	0.000486
4	0.015	4.85e-05	8.252	0.000513
187	0.000	6.16e-05	8.026	0.000619
5	0.103	0.000102	7.553	0.000973
42	0.085	0.000121	7.387	0.00111
191	0.000	0.000145	7.220	0.00126
62	0.000	0.000161	7.119	0.00135
54	0.042	0.000171	7.062	0.00138
22	0.000	0.000205	6.891	0.00159
130	0.020	0.000213	6.855	0.00159
126	0.123	0.000251	6.702	0.0018
159	0.092	0.000271	6.631	0.00188
141	0.078	0.00034	6.417	0.00228
136	0.000	0.000404	6.258	0.00262
37	0.067	0.000418	6.225	0.00262
77	0.000	0.000576	5.925	0.00351
91	0.000	0.000626	5.848	0.0037
7	0.000	0.000672	5.783	0.00386
138	0.106	0.000862	5.551	0.00481
140	0.071	0.000909	5.502	0.00494
122	0.083	0.00107	5.354	0.00565
125	0.106	0.00133	5.149	0.00669
47	0.000	0.00131	5.162	0.00669
44	0.000	0.00145	5.073	0.00679
56	0.000	0.00145	5.073	0.00679
84	0.056	0.00145	5.069	0.00679
184	0.000	0.00167	4.942	0.00761
26	0.121	0.00203	4.761	0.00907
97	0.000	0.00238	4.615	0.0104
71	0.069	0.00275	4.484	0.0115
33	0.000	0.00271	4.496	0.0115
110	0.148	0.00286	4.448	0.0117
200	0.000	0.00325	4.330	0.0131
40	0.000	0.00333	4.308	0.0131
28	0.000	0.00342	4.285	0.0132
24	0.071	0.00358	4.244	0.0133
161	0.066	0.00354	4.254	0.0133
142	0.147	0.00372	4.207	0.0135
198	0.000	0.00377	4.195	0.0135
65	0.000	0.00439	4.058	0.0155
39	0.000	0.00451	4.032	0.0156
53	0.000	0.00461	4.013	0.0157
132	0.078	0.00471	3.993	0.0158
35	0.000	0.00507	3.927	0.0167
145	0.064	0.00535	3.878	0.0173
61	0.000	0.0068	3.663	0.0217
131	0.094	0.00763	3.559	0.024
105	0.000	0.00824	3.490	0.0248
100	0.168	0.00816	3.499	0.0248
27	0.094	0.00827	3.487	0.0248
43	0.116	0.00919	3.393	0.0272
41	0.000	0.0094	3.373	0.0274
52	0.000	0.0104	3.285	0.0298
80	0.175	0.011	3.236	0.031
46	0.000	0.0116	3.186	0.0323
174	0.192	0.0126	3.112	0.0347
3	0.000	0.0159	2.907	0.0426
168	0.197	0.0157	2.918	0.0426
45	0.000	0.0177	2.814	0.0468
85	0.000	0.0189	2.757	0.0493
178	0.177	0.0196	2.722	0.0506
193	0.000	0.0201	2.701	0.0512
162	0.000	0.0258	2.486	0.0647
164	0.258	0.0267	2.453	0.0664
73	0.171	0.0274	2.432	0.0672
189	0.083	0.0293	2.376	0.07
9	0.227	0.0291	2.380	0.07
147	0.092	0.0299	2.357	0.0708
76	0.080	0.031	2.326	0.0725
83	0.142	0.0325	2.287	0.075
104	0.181	0.0351	2.221	0.0801
75	0.178	0.0365	2.186	0.0825
146	0.066	0.0379	2.155	0.0846
170	0.192	0.0416	2.076	0.0909
67	0.000	0.0415	2.077	0.0909
1	0.000	0.0475	1.964	0.103
90	0.000	0.0485	1.947	0.104
177	0.151	0.0536	1.863	0.113
196	0.000	0.0559	1.828	0.117
139	0.147	0.0591	1.781	0.122
149	0.162	0.0594	1.777	0.122
114	0.308	0.066	1.690	0.134
8	0.000	0.0676	1.670	0.136
156	0.222	0.0719	1.620	0.143
182	0.000	0.0759	1.576	0.15
66	0.000	0.0775	1.558	0.15
51	0.000	0.0771	1.563	0.15
18	0.184	0.08	1.533	0.153
133	0.000	0.0819	1.513	0.155
95	0.000	0.0895	1.442	0.168
21	0.000	0.0915	1.424	0.17
2	0.000	0.0943	1.400	0.174
195	0.000	0.0974	1.374	0.178
169	0.296	0.0992	1.359	0.18
63	0.261	0.105	1.311	0.189
183	0.000	0.106	1.305	0.189
64	0.147	0.108	1.289	0.191
121	0.156	0.114	1.251	0.199
180	0.000	0.128	1.160	0.221
120	0.295	0.132	1.133	0.227
103	0.000	0.139	1.096	0.236
81	0.000	0.141	1.084	0.238
128	0.269	0.146	1.055	0.245
36	0.345	0.17	0.941	0.282
11	0.224	0.174	0.925	0.286
10	0.420	0.175	0.920	0.286
55	0.280	0.179	0.903	0.29
151	0.292	0.189	0.862	0.304
50	0.000	0.199	0.825	0.317
160	0.460	0.209	0.790	0.331
143	0.238	0.228	0.727	0.358
34	0.000	0.238	0.696	0.371
113	0.511	0.253	0.654	0.391
6	0.000	0.259	0.638	0.397
144	0.332	0.266	0.617	0.406
58	0.199	0.282	0.578	0.427
176	0.000	0.354	0.429	0.532
150	0.000	0.368	0.406	0.543
173	0.433	0.368	0.406	0.543
31	0.000	0.384	0.378	0.564
107	0.000	0.395	0.361	0.576
30	0.488	0.403	0.350	0.582
79	0.000	0.418	0.328	0.6
89	0.000	0.435	0.305	0.62
135	0.419	0.439	0.300	0.621
57	0.000	0.445	0.292	0.625
12	0.000	0.448	0.288	0.626
74	0.543	0.461	0.272	0.639
17	0.000	0.476	0.254	0.655
137	0.000	0.491	0.237	0.671
112	0.000	0.504	0.223	0.685
129	0.680	0.512	0.215	0.691
38	0.594	0.551	0.178	0.738
157	0.550	0.56	0.170	0.746
181	0.000	0.569	0.162	0.753
94	0.445	0.576	0.156	0.757
88	0.000	0.588	0.147	0.768
68	0.000	0.596	0.141	0.773
127	0.000	0.61	0.130	0.786
20	0.000	0.628	0.118	0.804
165	0.000	0.637	0.112	0.81
111	0.719	0.654	0.100	0.811
25	0.000	0.643	0.108	0.811
124	0.000	0.648	0.104	0.811
99	0.000	0.653	0.101	0.811
49	0.000	0.664	0.094	0.815
167	0.000	0.677	0.087	0.815
29	0.715	0.676	0.087	0.815
102	0.000	0.674	0.088	0.815
82	0.000	0.675	0.088	0.815
93	0.000	0.683	0.083	0.817
92	0.000	0.693	0.078	0.819
96	0.000	0.69	0.079	0.819
179	0.000	0.705	0.072	0.824
101	0.000	0.704	0.072	0.824
171	0.784	0.713	0.068	0.829
70	0.000	0.775	0.041	0.895
87	0.746	0.793	0.034	0.911
13	0.000	0.799	0.032	0.912
116	0.819	0.833	0.022	0.946
86	0.000	0.842	0.020	0.951
185	100.000	0.0821	1.511	1
190	100.000	0.395	0.362	1
14	1.053	0.956	0.002	1
15	2.619	0.23	0.720	1
16	5.080	0.141	1.084	1
106	1.000	1	0.000	1
154	100.000	0.412	0.336	1
117	1.230	0.875	0.012	1
118	0.000	0.969	0.001	1
19	3.944	0.0571	1.809	1
153	1.000	1	0.000	1
72	0.941	0.949	0.002	1
23	1.000	1	0.000	1
69	0.997	0.997	0.000	1
163	1.307	0.778	0.040	1
32	100.000	0.166	0.958	1
134	1.530	0.745	0.053	1
158	0.869	0.906	0.007	1
148	0.893	0.94	0.003	1
152	1.655	0.68	0.085	1
155	89.856	0.0711	1.628	1
115	8.859	0.422	0.323	1
119	100.000	0.273	0.600	1