# Omega fit to each site after fixing tree and all other parameters.
# Fits compared to null model of omega = 1.
# P-values NOT corrected for multiple testing, so consider Q-values too.
# Q-values computed separately for omega > and < 1 # Will fit different synonymous rate for each site.
#
site	omega	P	dLnL	Q
78	0.000	2.92e-10	19.864	5.87e-08
192	0.000	5.69e-09	16.969	5.72e-07
188	0.000	1.04e-08	16.380	6.99e-07
199	0.041	5.14e-08	14.833	2.58e-06
201	0.000	1.17e-07	14.034	4.06e-06
166	0.014	1.21e-07	14.000	4.06e-06
123	0.000	9.76e-07	11.987	2.8e-05
197	0.000	6.35e-06	10.190	0.000159
60	0.000	7.36e-06	10.048	0.000164
59	0.000	1.53e-05	9.351	0.000307
108	0.046	2.01e-05	9.088	0.000359
4	0.014	2.14e-05	9.029	0.000359
186	0.000	2.33e-05	8.949	0.00036
194	0.000	2.92e-05	8.734	0.00042
48	0.032	3.59e-05	8.539	0.000451
98	0.019	3.57e-05	8.545	0.000451
42	0.075	5.34e-05	8.161	0.000597
187	0.000	5.32e-05	8.165	0.000597
109	0.083	8.82e-05	7.687	0.000933
5	0.102	0.0001	7.566	0.00101
191	0.000	0.000136	7.278	0.0013
62	0.000	0.000151	7.182	0.00132
22	0.000	0.000146	7.214	0.00132
54	0.043	0.000184	6.993	0.00154
136	0.000	0.00024	6.745	0.00193
130	0.021	0.000321	6.472	0.00248
141	0.079	0.000385	6.302	0.00287
125	0.095	0.000421	6.217	0.00303
37	0.071	0.000552	5.966	0.0037
77	0.000	0.000551	5.967	0.0037
91	0.000	0.000642	5.825	0.00416
84	0.049	0.000991	5.422	0.00605
138	0.107	0.000993	5.420	0.00605
122	0.081	0.00103	5.384	0.0061
7	0.000	0.0011	5.323	0.00618
140	0.073	0.00114	5.295	0.00618
47	0.000	0.00114	5.296	0.00618
71	0.058	0.00118	5.261	0.00624
24	0.056	0.00127	5.191	0.00656
184	0.000	0.00153	5.020	0.0077
44	0.000	0.0016	4.979	0.00785
97	0.000	0.00165	4.949	0.00792
159	0.128	0.00181	4.865	0.00828
56	0.000	0.00177	4.885	0.00828
172	0.097	0.0021	4.729	0.00939
177	0.060	0.0024	4.606	0.0105
40	0.000	0.00263	4.524	0.0112
161	0.061	0.00277	4.476	0.0116
26	0.124	0.00291	4.432	0.0117
200	0.000	0.00291	4.432	0.0117
53	0.000	0.00347	4.271	0.0135
33	0.000	0.00349	4.265	0.0135
65	0.000	0.00361	4.236	0.0137
198	0.000	0.00407	4.125	0.0152
28	0.000	0.00431	4.074	0.0158
126	0.195	0.00453	4.028	0.0163
132	0.078	0.00476	3.984	0.0168
35	0.000	0.00528	3.890	0.0182
114	0.162	0.00534	3.880	0.0182
110	0.171	0.00569	3.823	0.0191
142	0.164	0.00636	3.723	0.0203
131	0.087	0.00637	3.722	0.0203
39	0.000	0.00617	3.750	0.0203
61	0.000	0.00682	3.660	0.0214
105	0.000	0.0081	3.506	0.025
100	0.167	0.00828	3.486	0.0252
41	0.000	0.00911	3.401	0.0273
178	0.149	0.0097	3.345	0.0287
52	0.000	0.00987	3.329	0.0287
80	0.174	0.0106	3.266	0.0304
27	0.101	0.0108	3.253	0.0304
43	0.123	0.0118	3.172	0.0329
162	0.000	0.0126	3.112	0.0347
46	0.000	0.0129	3.092	0.0349
3	0.000	0.013	3.082	0.0349
193	0.000	0.0141	3.015	0.0372
18	0.107	0.0144	2.993	0.0377
45	0.000	0.0157	2.918	0.04
168	0.190	0.0157	2.917	0.04
164	0.235	0.0166	2.870	0.0417
85	0.000	0.0169	2.854	0.0419
145	0.096	0.0173	2.832	0.0425
174	0.223	0.0207	2.676	0.0501
146	0.061	0.0241	2.545	0.0576
83	0.133	0.0264	2.466	0.0616
76	0.075	0.0262	2.471	0.0616
9	0.220	0.0272	2.438	0.0629
147	0.089	0.0278	2.419	0.0636
139	0.116	0.0288	2.389	0.0651
189	0.085	0.0301	2.351	0.0673
104	0.173	0.0311	2.323	0.0687
90	0.000	0.0341	2.244	0.0746
1	0.000	0.035	2.222	0.0757
67	0.000	0.0449	2.012	0.0959
133	0.000	0.0522	1.885	0.11
196	0.000	0.0535	1.863	0.112
149	0.160	0.0565	1.819	0.117
51	0.000	0.0587	1.787	0.12
113	0.324	0.0603	1.764	0.122
182	0.000	0.0627	1.733	0.126
170	0.221	0.0634	1.724	0.126
75	0.212	0.0661	1.688	0.13
95	0.000	0.0672	1.675	0.131
175	0.200	0.0733	1.604	0.142
8	0.000	0.074	1.596	0.142
66	0.000	0.0786	1.547	0.149
103	0.000	0.0864	1.470	0.16
21	0.000	0.0855	1.478	0.16
180	0.000	0.087	1.464	0.16
63	0.248	0.093	1.411	0.17
183	0.000	0.0947	1.397	0.171
195	0.000	0.0963	1.383	0.173
2	0.000	0.102	1.339	0.181
81	0.000	0.103	1.333	0.181
34	0.000	0.121	1.202	0.211
73	0.286	0.124	1.183	0.215
64	0.166	0.127	1.162	0.217
128	0.253	0.127	1.164	0.217
121	0.180	0.151	1.033	0.252
137	0.000	0.15	1.035	0.252
156	0.220	0.154	1.017	0.256
151	0.277	0.17	0.943	0.279
50	0.000	0.176	0.916	0.288
55	0.280	0.178	0.906	0.289
36	0.360	0.185	0.879	0.297
16	0.305	0.189	0.863	0.299
11	0.235	0.188	0.868	0.299
120	0.358	0.202	0.812	0.318
144	0.290	0.21	0.787	0.327
10	0.449	0.211	0.781	0.327
160	0.483	0.24	0.690	0.368
58	0.194	0.275	0.595	0.416
17	0.000	0.275	0.595	0.416
107	0.000	0.298	0.541	0.447
112	0.000	0.31	0.515	0.462
169	0.482	0.322	0.491	0.475
68	0.000	0.343	0.449	0.503
94	0.264	0.35	0.437	0.508
6	0.000	0.351	0.435	0.508
25	0.000	0.37	0.401	0.532
127	0.000	0.381	0.383	0.532
30	0.472	0.381	0.384	0.532
99	0.000	0.374	0.396	0.532
49	0.000	0.38	0.385	0.532
167	0.000	0.391	0.368	0.541
82	0.000	0.393	0.365	0.541
102	0.000	0.397	0.359	0.543
93	0.000	0.401	0.353	0.544
89	0.000	0.403	0.349	0.544
135	0.401	0.415	0.332	0.55
150	0.000	0.427	0.315	0.55
124	0.000	0.421	0.324	0.55
57	0.000	0.412	0.337	0.55
92	0.000	0.424	0.319	0.55
74	0.517	0.423	0.321	0.55
20	0.000	0.417	0.329	0.55
12	0.000	0.449	0.286	0.563
173	0.471	0.446	0.290	0.563
179	0.000	0.444	0.293	0.563
101	0.000	0.443	0.294	0.563
79	0.000	0.451	0.284	0.563
181	0.000	0.51	0.217	0.632
31	0.000	0.516	0.211	0.636
70	0.000	0.541	0.187	0.663
129	0.708	0.556	0.173	0.673
38	0.597	0.554	0.175	0.673
96	0.000	0.568	0.163	0.684
88	0.000	0.571	0.160	0.684
176	0.000	0.587	0.148	0.698
143	0.539	0.609	0.131	0.718
111	0.691	0.611	0.129	0.718
165	0.000	0.642	0.108	0.75
87	0.613	0.657	0.099	0.763
86	0.000	0.7	0.074	0.804
13	0.000	0.697	0.076	0.804
29	0.766	0.742	0.054	0.848
15	2.354	0.274	0.599	1
14	0.973	0.977	0.000	1
190	100.000	0.395	0.362	1
154	1.616	0.76	0.047	1
116	0.989	0.991	0.000	1
32	100.000	0.167	0.956	1
106	1.000	1	0.000	1
115	2.450	0.603	0.136	1
117	33.497	0.117	1.225	1
19	2.381	0.235	0.705	1
155	97.930	0.0361	2.196	1
118	1.000	1	0.000	1
119	100.000	0.0161	2.897	1
158	0.918	0.943	0.003	1
72	0.893	0.905	0.007	1
163	0.970	0.973	0.001	1
69	0.943	0.952	0.002	1
134	1.537	0.742	0.054	1
23	1.000	1	0.000	1
148	0.959	0.978	0.000	1
171	1.371	0.645	0.106	1
152	1.483	0.746	0.053	1
153	1.000	0.999	0.000	1
185	100.000	0.0952	1.392	1
157	74.822	0.0106	3.264	1