# Differential preferences fit to each site.
# Regularizing prior: ('invquadratic', 150.0, 0.5)
#
site	dpi_A	dpi_C	dpi_D	dpi_E	dpi_F	dpi_G	dpi_H	dpi_I	dpi_K	dpi_L	dpi_M	dpi_N	dpi_P	dpi_Q	dpi_R	dpi_S	dpi_T	dpi_V	dpi_W	dpi_Y	half_sum_abs_dpi
15	-0.0130	-0.0021	-0.0205	-0.0102	-0.0021	-0.0021	-0.0021	-0.0021	-0.0232	-0.0039	-0.0021	-0.0021	-0.0088	-0.0021	-0.0118	0.5427	-0.4297	-0.0027	-0.0021	0.0002	0.5429
113	-0.2239	-0.0008	-0.0021	-0.0007	-0.0021	-0.0484	0.0024	0.2011	0.0228	-0.0021	-0.0021	0.0042	0.0029	0.0009	0.0346	-0.0174	0.0343	-0.0011	-0.0021	-0.0003	0.3031
192	0.2404	0.0007	-0.0019	0.0015	-0.0080	-0.0010	0.0016	-0.0101	-0.0000	-0.0304	0.0038	-0.0016	-0.0306	0.0026	-0.0029	-0.0557	-0.0634	-0.0460	0.0052	-0.0041	0.2557
197	-0.0094	-0.0064	-0.0052	-0.0045	-0.0129	-0.0054	-0.0126	-0.0152	-0.0070	-0.0496	-0.0039	-0.0082	0.2454	-0.0067	-0.0134	-0.0433	-0.0178	-0.0108	-0.0027	-0.0103	0.2454
114	-0.0127	-0.0026	-0.0035	0.0045	-0.0061	0.1604	0.0041	-0.0268	0.0295	0.0306	-0.0387	-0.0171	-0.0022	0.0046	-0.0054	0.0019	-0.1157	-0.0084	0.0069	-0.0033	0.2425
172	0.0380	0.0741	-0.0019	-0.0021	-0.0021	-0.2025	-0.0020	-0.0021	-0.0021	-0.0021	-0.0021	-0.0021	0.0602	-0.0021	0.0506	-0.0021	0.0031	-0.0004	-0.0021	0.0017	0.2277
16	-0.0236	-0.0097	0.0152	0.0155	0.0076	-0.0040	0.0113	-0.0523	0.0416	-0.0166	0.0095	0.0192	-0.0022	0.0154	0.0569	0.0070	-0.1151	0.0098	0.0080	0.0065	0.2235
110	0.0046	-0.0017	0.0072	0.0053	-0.0078	0.0086	0.0343	-0.0287	-0.0702	-0.0071	0.0014	0.0272	-0.0035	0.0746	-0.0305	0.0428	-0.0558	-0.0000	0.0169	-0.0176	0.2230
39	-0.0056	-0.0087	-0.0043	0.0088	-0.0284	0.0252	-0.0273	-0.0180	0.0013	-0.0195	-0.0136	-0.0257	0.0283	-0.0023	-0.0006	-0.0232	-0.0149	-0.0153	0.0115	0.1324	0.2075
169	-0.0184	-0.0022	-0.0081	-0.0078	-0.0059	-0.0078	0.0039	0.0567	-0.0103	-0.0197	-0.0067	-0.0124	-0.0201	0.1467	-0.0159	-0.0376	-0.0037	-0.0139	-0.0022	-0.0146	0.2074
198	-0.0042	-0.0047	-0.0035	-0.0117	-0.0118	-0.0037	-0.0039	-0.0335	0.1944	-0.0221	-0.0022	-0.0165	-0.0047	-0.0070	-0.0171	-0.0153	-0.0136	-0.0094	-0.0008	-0.0089	0.1944
119	-0.0121	-0.0022	-0.0118	-0.0065	0.1303	-0.0115	0.0620	-0.0034	-0.0139	-0.0022	-0.0074	-0.0171	-0.0092	-0.0118	-0.0143	-0.0178	-0.0156	-0.0063	-0.0033	-0.0259	0.1924
115	-0.0508	0.0062	0.0032	0.0401	-0.0011	0.0061	0.0072	-0.0672	0.0042	-0.0130	0.0085	0.0222	-0.0003	0.0541	0.0022	0.0062	-0.0533	0.0140	0.0104	0.0011	0.1857
120	0.0057	0.0019	-0.0050	0.0409	-0.0068	0.0521	0.0145	-0.0143	-0.0073	-0.0184	0.0090	-0.0899	-0.0022	0.0381	-0.0070	-0.0183	-0.0036	-0.0032	0.0106	0.0032	0.1760
160	0.0007	-0.0148	0.0040	0.0152	0.0224	-0.0129	-0.0400	-0.0088	0.0320	0.0481	0.0031	0.0294	-0.0009	0.0014	-0.0316	-0.0546	-0.0018	-0.0067	0.0192	-0.0031	0.1753
163	-0.0013	-0.0017	-0.0018	0.0185	-0.0103	-0.0163	-0.0511	-0.0206	-0.0038	-0.0177	0.0999	-0.0224	-0.0021	0.0047	0.0197	0.0071	-0.0142	-0.0105	-0.0003	0.0243	0.1741
129	-0.0496	0.0015	0.0040	0.0253	-0.0015	0.0370	0.0043	-0.0113	0.0080	-0.0022	0.0002	0.0045	-0.0027	0.0117	-0.0004	0.0572	-0.1041	0.0187	-0.0015	0.0009	0.1734
35	-0.0021	-0.0021	-0.0021	-0.0021	-0.0168	-0.0021	-0.0021	-0.0268	-0.0021	-0.0744	0.0039	-0.0021	-0.0021	-0.0021	-0.0021	-0.0021	-0.0021	-0.0208	0.0058	0.1568	0.1665
201	-0.0122	-0.0023	-0.0011	-0.0004	-0.0086	-0.0014	-0.0015	-0.0428	-0.0071	-0.0176	-0.0003	-0.0071	-0.0071	-0.0007	-0.0079	-0.0286	0.1580	-0.0065	0.0013	-0.0061	0.1593
78	-0.0038	-0.0050	-0.0032	-0.0023	-0.0080	-0.0122	-0.0040	-0.0091	-0.0217	-0.0048	-0.0083	-0.0063	-0.0046	-0.0032	0.1538	-0.0285	-0.0145	-0.0090	-0.0064	0.0011	0.1549
142	-0.0057	-0.0040	0.0069	0.0984	-0.0288	-0.0022	0.0042	-0.0054	-0.0022	-0.0392	-0.0052	0.0068	0.0384	-0.0034	-0.0021	-0.0021	-0.0105	-0.0365	-0.0049	-0.0027	0.1548
56	-0.0032	-0.0038	-0.0024	-0.0062	-0.0022	-0.0026	-0.0029	-0.0161	0.1491	-0.0183	-0.0085	-0.0212	-0.0022	-0.0048	-0.0196	-0.0156	-0.0120	-0.0090	0.0007	0.0007	0.1505
10	0.0224	-0.0021	-0.0024	-0.0066	-0.0022	-0.0111	-0.0041	-0.0031	-0.0420	-0.0109	-0.0192	-0.0129	-0.0058	0.0399	0.0625	0.0228	-0.0208	-0.0041	-0.0005	0.0000	0.1476
199	-0.0006	-0.0003	0.0011	-0.0000	-0.0533	0.0003	-0.0018	-0.0176	0.0972	0.0152	0.0063	-0.0038	-0.0030	0.0177	-0.0077	-0.0340	-0.0040	-0.0131	0.0007	0.0008	0.1393
164	-0.0192	-0.0076	0.0356	-0.0017	-0.0022	0.0602	-0.0037	-0.0022	-0.0066	-0.0022	-0.0063	-0.0076	0.0043	-0.0036	0.0212	0.0178	-0.0654	-0.0079	-0.0026	-0.0005	0.1391
14	-0.0460	-0.0021	-0.0021	-0.0063	-0.0021	-0.0031	-0.0021	0.0518	-0.0108	-0.0021	-0.0033	-0.0099	-0.0021	-0.0198	-0.0089	-0.0154	0.0222	0.0648	-0.0021	-0.0002	0.1387
170	-0.0123	-0.0022	-0.0022	-0.0124	-0.0088	-0.0079	-0.0152	-0.0021	-0.0254	-0.0022	-0.0109	0.0560	0.0179	-0.0034	-0.0043	0.0204	-0.0228	-0.0022	-0.0040	0.0440	0.1383
61	0.0068	0.0771	0.0086	0.0081	-0.0101	-0.0101	0.0071	-0.0088	0.0037	-0.0197	0.0121	-0.0025	0.0069	0.0068	-0.0149	-0.0466	0.0008	-0.0017	-0.0089	-0.0148	0.1380
173	-0.0081	0.0077	-0.0020	0.0080	-0.0274	-0.0119	0.0068	0.0213	0.0054	0.0492	0.0080	0.0056	-0.0022	0.0083	0.0042	-0.0015	-0.0022	-0.0819	0.0110	0.0016	0.1372
141	-0.0120	-0.0036	-0.0107	0.0091	-0.0120	-0.0120	-0.0063	-0.0072	-0.0093	-0.0044	-0.0046	-0.0133	-0.0044	-0.0039	-0.0078	-0.0158	-0.0083	0.1268	-0.0003	0.0001	0.1359
54	0.0353	0.0040	-0.0022	0.0064	-0.0029	0.0041	-0.0060	-0.0050	0.0045	-0.0736	0.0074	0.0020	0.0533	0.0059	-0.0017	-0.0175	-0.0219	-0.0027	0.0085	0.0021	0.1334
29	-0.0070	0.0014	-0.0019	-0.0012	-0.0272	-0.0035	-0.0030	-0.0074	-0.0033	-0.0022	-0.0003	-0.0088	-0.0101	-0.0024	-0.0082	0.1299	-0.0398	-0.0066	0.0009	0.0007	0.1328
111	-0.0017	-0.0022	-0.0007	-0.0022	-0.0229	-0.0022	0.0721	-0.0007	0.0463	-0.0840	-0.0037	-0.0030	-0.0022	0.0056	-0.0034	-0.0040	-0.0000	0.0087	0.0000	0.0001	0.1328
200	-0.0042	-0.0056	-0.0002	0.0003	-0.0378	-0.0004	-0.0006	-0.0085	-0.0017	-0.0149	0.0009	-0.0027	-0.0134	0.0001	-0.0036	0.1261	-0.0134	-0.0049	0.0018	-0.0172	0.1292
126	-0.0021	-0.0047	-0.0021	-0.0021	-0.0011	-0.0021	-0.0185	-0.0075	-0.0040	-0.0741	-0.0001	-0.0021	0.0004	-0.0021	-0.0021	0.0949	-0.0021	0.0290	0.0034	-0.0005	0.1276
2	-0.0011	-0.0015	-0.0005	0.0001	-0.0199	-0.0007	-0.0009	0.1255	-0.0024	-0.0237	-0.0038	-0.0101	-0.0015	-0.0002	-0.0043	-0.0159	-0.0196	-0.0162	0.0018	-0.0050	0.1274
5	-0.0016	-0.0132	-0.0007	-0.0002	0.0343	-0.0042	-0.0150	-0.0191	-0.0022	-0.0112	-0.0051	-0.0034	-0.0087	-0.0048	0.0162	-0.0206	-0.0045	0.0695	0.0000	-0.0056	0.1200
109	0.0542	-0.0120	0.0036	-0.0007	-0.0022	-0.0047	-0.0112	-0.0015	-0.0029	-0.0163	-0.0097	-0.0335	-0.0022	-0.0097	0.0538	0.0078	-0.0019	-0.0087	-0.0022	-0.0002	0.1193
171	-0.0714	-0.0024	0.0053	-0.0020	-0.0086	-0.0022	-0.0028	0.0524	-0.0021	-0.0022	-0.0006	0.0118	-0.0022	-0.0002	-0.0022	0.0128	0.0345	-0.0164	0.0019	-0.0038	0.1189
125	-0.0033	-0.0192	-0.0022	-0.0022	-0.0447	-0.0010	-0.0017	-0.0111	-0.0016	0.0079	0.0010	-0.0027	-0.0003	-0.0009	0.0556	-0.0097	-0.0099	-0.0082	0.0415	0.0126	0.1188
32	-0.0114	0.0024	-0.0117	0.0040	-0.0494	-0.0031	0.0031	0.0668	0.0020	-0.0348	0.0043	0.0002	0.0024	0.0038	-0.0000	-0.0059	-0.0004	0.0231	0.0056	-0.0008	0.1176
128	0.0419	-0.0026	0.0015	-0.0009	-0.0043	0.0022	0.0469	-0.0101	-0.0042	-0.0120	-0.0066	-0.0171	-0.0031	-0.0422	0.0187	-0.0059	-0.0032	-0.0046	0.0049	0.0008	0.1168
190	0.0777	0.0016	0.0031	-0.0018	-0.0062	0.0142	0.0026	-0.0094	0.0010	-0.0175	0.0048	-0.0006	-0.0017	0.0035	-0.0023	-0.0246	-0.0240	-0.0286	0.0062	0.0020	0.1167
196	-0.0058	-0.0015	-0.0004	-0.0132	-0.0077	0.1081	0.0001	-0.0022	-0.0018	-0.0181	0.0020	-0.0029	-0.0009	0.0008	-0.0293	-0.0127	-0.0042	-0.0160	0.0024	0.0033	0.1167
28	-0.0021	-0.0021	-0.0021	-0.0021	-0.0172	-0.0021	-0.0021	0.1116	-0.0021	-0.0304	-0.0122	-0.0021	-0.0021	-0.0021	-0.0021	-0.0021	-0.0021	-0.0039	-0.0075	-0.0129	0.1116
166	-0.0125	-0.0044	0.1115	-0.0022	-0.0022	-0.0016	-0.0027	-0.0038	-0.0040	-0.0022	-0.0022	-0.0155	-0.0022	-0.0037	-0.0041	-0.0237	-0.0069	-0.0156	-0.0022	-0.0000	0.1115
157	-0.0021	-0.0021	0.0034	0.0428	-0.0021	0.0381	-0.0021	-0.0021	0.0153	-0.0021	-0.0021	-0.0816	-0.0021	-0.0021	-0.0021	0.0116	-0.0021	-0.0021	-0.0021	-0.0021	0.1112
37	0.0142	-0.0013	-0.0124	-0.0047	-0.0096	-0.0192	-0.0007	0.0363	-0.0018	-0.0341	-0.0045	-0.0029	-0.0014	-0.0001	-0.0038	-0.0096	-0.0042	0.0578	0.0017	0.0002	0.1102
188	-0.0006	-0.0011	-0.0002	0.0005	-0.0108	-0.0003	-0.0027	-0.0149	-0.0016	0.1053	0.0003	-0.0027	-0.0139	-0.0085	-0.0130	-0.0116	-0.0038	-0.0232	0.0022	0.0006	0.1089
148	-0.0026	-0.0050	-0.0029	-0.0010	-0.0079	0.0658	-0.0011	-0.0165	-0.0057	-0.0172	0.0006	-0.0052	-0.0026	0.0299	-0.0115	-0.0153	0.0102	-0.0085	0.0019	-0.0054	0.1084
122	-0.0002	-0.0170	-0.0047	0.0007	0.0024	0.0002	-0.0032	0.0138	0.0076	-0.0189	-0.0013	-0.0073	-0.0022	-0.0002	-0.0043	-0.0203	-0.0038	-0.0227	0.0007	0.0810	0.1064
147	-0.0038	-0.0044	-0.0052	-0.0004	-0.0091	0.0746	-0.0012	-0.0159	-0.0026	-0.0191	0.0008	-0.0065	-0.0021	-0.0003	-0.0130	0.0280	-0.0063	-0.0158	0.0020	0.0004	0.1058
195	0.0042	0.0726	0.0049	-0.0022	-0.0314	0.0012	-0.0022	-0.0046	0.0032	-0.0110	0.0062	0.0020	0.0037	0.0053	-0.0155	-0.0157	0.0008	-0.0022	-0.0068	-0.0126	0.1042
55	-0.0132	-0.0058	0.0002	0.0010	-0.0315	-0.0000	-0.0002	0.0416	-0.0021	-0.0158	0.0013	-0.0079	-0.0068	0.0006	-0.0040	0.0329	0.0227	-0.0055	0.0026	-0.0101	0.1029
59	-0.0086	0.0001	0.0933	-0.0017	-0.0102	-0.0085	-0.0020	-0.0022	-0.0005	-0.0030	0.0028	-0.0204	-0.0022	0.0019	-0.0030	-0.0105	-0.0031	-0.0022	0.0041	-0.0242	0.1023
4	0.0005	-0.0017	-0.0034	0.0025	-0.0024	0.0003	-0.0012	-0.0068	-0.0030	-0.0058	0.0008	0.0564	-0.0015	0.0387	-0.0026	-0.0489	-0.0066	-0.0050	0.0012	-0.0117	0.1005
46	-0.0022	-0.0047	0.0058	0.0067	-0.0010	-0.0022	0.0058	-0.0471	0.0024	-0.0087	0.0073	-0.0090	-0.0022	0.0065	-0.0038	-0.0173	0.0540	0.0010	0.0083	0.0002	0.0981
153	0.0005	0.0001	0.0016	0.0023	-0.0108	0.0009	-0.0020	0.0368	-0.0011	-0.0580	0.0018	-0.0019	-0.0021	0.0256	-0.0048	-0.0096	-0.0038	0.0246	0.0037	-0.0038	0.0980
43	-0.0066	-0.0210	0.0003	0.0010	0.0376	0.0001	0.0000	-0.0081	-0.0010	0.0288	0.0015	-0.0022	-0.0216	0.0007	-0.0030	0.0250	-0.0136	-0.0044	0.0024	-0.0160	0.0975
36	0.0174	-0.0022	0.0014	0.0004	0.0474	-0.0018	-0.0027	-0.0141	-0.0028	-0.0182	-0.0013	-0.0040	-0.0022	-0.0005	-0.0046	-0.0359	0.0308	-0.0067	-0.0006	0.0001	0.0974
7	-0.0067	-0.0026	0.0173	0.0047	-0.0022	-0.0013	-0.0100	-0.0022	-0.0019	-0.0022	-0.0007	0.0091	0.0655	-0.0007	-0.0105	-0.0369	-0.0172	-0.0022	0.0003	0.0001	0.0971
62	0.0027	-0.0020	-0.0022	-0.0022	0.0777	-0.0022	0.0029	-0.0138	-0.0022	-0.0378	0.0047	-0.0024	0.0022	-0.0022	-0.0022	-0.0141	-0.0008	-0.0051	0.0059	-0.0071	0.0960
168	-0.0098	-0.0022	-0.0057	-0.0029	0.0158	-0.0047	-0.0283	-0.0003	-0.0007	-0.0020	-0.0048	-0.0025	-0.0022	0.0321	-0.0135	-0.0114	0.0452	-0.0022	-0.0027	0.0027	0.0958
84	-0.0041	-0.0006	-0.0022	0.0337	-0.0022	-0.0040	-0.0022	-0.0054	-0.0199	-0.0022	0.0018	-0.0022	-0.0022	0.0559	-0.0160	-0.0130	-0.0048	-0.0148	0.0040	0.0000	0.0955
64	0.0023	-0.0055	-0.0044	0.0036	-0.0039	-0.0101	0.0011	-0.0176	-0.0087	-0.0118	0.0042	0.0115	0.0020	0.0033	-0.0213	0.0620	-0.0045	-0.0020	0.0053	-0.0056	0.0954
116	-0.0175	0.0056	-0.0008	0.0020	-0.0079	0.0148	0.0014	-0.0149	-0.0001	-0.0150	0.0034	-0.0022	-0.0015	0.0023	-0.0053	0.0594	-0.0132	-0.0106	0.0046	-0.0046	0.0936
154	-0.0503	-0.0015	-0.0168	0.0181	-0.0022	-0.0088	-0.0019	0.0488	-0.0003	-0.0071	0.0013	-0.0019	0.0180	0.0014	-0.0016	0.0030	0.0007	-0.0009	0.0019	0.0000	0.0932
156	-0.0020	-0.0002	-0.0004	0.0002	-0.0059	0.0704	-0.0070	-0.0204	-0.0021	-0.0065	0.0006	-0.0033	0.0198	-0.0030	-0.0094	-0.0153	-0.0045	-0.0075	0.0017	-0.0054	0.0928
53	-0.0056	-0.0117	-0.0005	0.0005	-0.0022	-0.0022	0.0002	-0.0084	-0.0010	-0.0209	0.0020	-0.0027	-0.0183	0.0008	-0.0029	0.0856	-0.0113	-0.0045	0.0031	0.0001	0.0923
58	-0.0019	-0.0022	-0.0024	-0.0006	-0.0022	-0.0016	-0.0035	0.0777	-0.0082	-0.0043	-0.0039	0.0139	-0.0016	-0.0004	-0.0052	-0.0177	-0.0247	-0.0092	-0.0022	0.0000	0.0916
152	-0.0222	-0.0075	-0.0033	-0.0005	-0.0066	0.0081	-0.0027	-0.0022	-0.0031	-0.0048	-0.0014	-0.0032	0.0665	-0.0016	-0.0069	0.0155	-0.0215	-0.0022	-0.0005	0.0001	0.0902
42	0.0178	-0.0022	-0.0036	-0.0032	-0.0126	-0.0039	-0.0034	-0.0070	-0.0066	-0.0068	-0.0026	-0.0029	-0.0131	-0.0035	-0.0078	0.0379	0.0345	-0.0100	-0.0011	-0.0000	0.0902
87	-0.0128	-0.0003	0.0069	0.0255	-0.0159	-0.0070	0.0002	-0.0174	0.0278	-0.0183	0.0148	-0.0003	-0.0003	0.0002	-0.0032	-0.0080	-0.0030	0.0120	0.0026	-0.0034	0.0901
149	-0.0031	-0.0009	0.0006	0.0013	-0.0091	0.0003	-0.0030	-0.0163	-0.0022	-0.0356	0.0001	-0.0029	0.0035	0.0008	-0.0063	0.0240	0.0559	-0.0053	0.0032	-0.0051	0.0897
26	0.0141	-0.0038	-0.0032	-0.0055	-0.0022	-0.0022	-0.0033	-0.0268	0.0015	0.0435	0.0198	-0.0022	-0.0022	-0.0049	-0.0080	-0.0147	-0.0085	0.0099	-0.0012	-0.0000	0.0887
48	0.0015	0.0010	0.0019	-0.0035	-0.0022	-0.0022	0.0003	-0.0174	0.0164	-0.0160	-0.0088	0.0328	-0.0022	0.0294	-0.0050	-0.0096	-0.0179	-0.0035	0.0048	0.0001	0.0882
140	-0.0042	-0.0015	-0.0030	0.0017	-0.0048	0.0011	-0.0014	-0.0222	-0.0049	-0.0325	0.0026	0.0458	-0.0022	0.0014	-0.0029	0.0314	-0.0040	-0.0043	0.0028	0.0011	0.0879
187	0.0010	0.0006	0.0015	0.0020	-0.0114	0.0013	-0.0189	-0.0166	0.0001	0.0733	0.0021	-0.0009	-0.0091	0.0010	-0.0066	-0.0085	-0.0018	-0.0135	0.0028	0.0019	0.0874
178	-0.0047	-0.0033	-0.0014	-0.0021	-0.0034	-0.0021	-0.0189	-0.0021	-0.0021	-0.0021	-0.0092	0.0164	-0.0021	-0.0021	-0.0021	0.0151	0.0549	-0.0050	-0.0110	-0.0127	0.0865
83	0.0670	-0.0055	-0.0022	-0.0022	-0.0088	0.0172	-0.0011	-0.0022	-0.0025	-0.0187	0.0008	-0.0038	-0.0022	-0.0002	-0.0125	-0.0140	-0.0022	-0.0022	0.0011	-0.0060	0.0861
159	-0.0021	-0.0021	0.0182	-0.0012	-0.0002	0.0478	-0.0205	-0.0021	-0.0021	-0.0019	-0.0021	-0.0021	-0.0021	-0.0021	-0.0021	-0.0021	-0.0021	0.0200	-0.0181	-0.0210	0.0860
9	-0.0037	-0.0022	0.0003	-0.0033	-0.0076	0.0244	0.0292	-0.0039	-0.0010	-0.0059	0.0032	0.0231	-0.0001	0.0018	-0.0211	-0.0153	-0.0036	-0.0074	0.0038	-0.0108	0.0858
97	-0.0008	-0.0030	0.0634	-0.0041	-0.0030	-0.0157	-0.0010	-0.0052	0.0018	-0.0117	0.0049	-0.0112	0.0024	0.0041	-0.0002	-0.0061	-0.0002	-0.0216	0.0061	0.0011	0.0839
138	-0.0012	-0.0016	-0.0009	-0.0005	0.0058	-0.0009	-0.0042	-0.0166	-0.0024	0.0769	-0.0028	-0.0065	-0.0042	-0.0019	-0.0075	-0.0145	-0.0078	-0.0097	0.0004	0.0001	0.0832
33	0.0498	0.0032	-0.0022	-0.0022	-0.0072	-0.0002	0.0044	-0.0035	0.0023	-0.0223	0.0073	0.0003	-0.0033	0.0057	-0.0014	-0.0053	-0.0055	-0.0298	0.0091	0.0009	0.0828
191	-0.0022	-0.0025	0.0014	-0.0008	-0.0072	0.0006	-0.0061	-0.0022	-0.0030	-0.0022	-0.0001	0.0025	0.0768	-0.0039	-0.0081	-0.0253	-0.0114	-0.0076	0.0011	0.0001	0.0825
189	0.0015	0.0009	-0.0016	0.0027	-0.0075	0.0019	0.0389	-0.0056	-0.0022	-0.0142	0.0033	0.0250	0.0010	0.0024	-0.0020	-0.0161	-0.0052	-0.0033	0.0045	-0.0243	0.0821
30	-0.0026	-0.0031	-0.0050	0.0583	-0.0120	-0.0035	-0.0044	-0.0022	-0.0159	-0.0022	0.0005	0.0212	-0.0022	-0.0009	-0.0070	-0.0168	-0.0022	-0.0022	0.0020	0.0000	0.0821
27	0.0032	-0.0041	0.0039	0.0017	-0.0022	-0.0022	0.0014	-0.0123	0.0398	-0.0191	0.0035	-0.0036	-0.0001	0.0019	0.0195	-0.0305	-0.0041	-0.0016	0.0061	-0.0012	0.0809
155	0.0337	-0.0075	-0.0062	0.0141	-0.0022	-0.0071	0.0002	-0.0022	-0.0060	-0.0022	-0.0025	-0.0077	-0.0022	0.0207	0.0115	-0.0214	-0.0098	-0.0022	-0.0012	0.0000	0.0802
130	0.0016	0.0012	0.0010	-0.0112	-0.0049	0.0020	0.0016	-0.0102	0.0333	-0.0133	-0.0067	0.0324	0.0012	-0.0019	-0.0072	-0.0089	-0.0079	-0.0029	0.0047	-0.0038	0.0789
158	-0.0021	-0.0493	0.0073	-0.0021	-0.0021	0.0311	-0.0021	-0.0021	-0.0021	-0.0021	-0.0021	0.0345	-0.0021	-0.0021	-0.0021	0.0057	-0.0021	-0.0021	-0.0021	-0.0001	0.0786
175	-0.0021	-0.0021	-0.0021	-0.0021	-0.0037	-0.0021	0.0784	-0.0021	-0.0021	-0.0021	-0.0021	-0.0029	-0.0021	-0.0021	-0.0021	-0.0021	-0.0021	-0.0021	-0.0083	-0.0318	0.0784
85	-0.0148	0.0002	0.0015	0.0024	-0.0028	0.0013	0.0014	-0.0130	-0.0014	-0.0022	0.0030	-0.0109	-0.0022	0.0021	-0.0035	-0.0222	0.0611	-0.0049	0.0045	0.0004	0.0780
185	-0.0021	-0.0021	-0.0021	-0.0021	-0.0032	-0.0021	-0.0021	-0.0045	-0.0021	-0.0398	-0.0005	-0.0021	-0.0021	-0.0021	-0.0021	-0.0021	-0.0021	-0.0021	0.0002	0.0775	0.0777
108	-0.0165	-0.0021	-0.0021	-0.0021	-0.0021	-0.0021	-0.0021	0.0424	-0.0021	-0.0021	-0.0021	-0.0021	-0.0021	-0.0021	-0.0021	-0.0287	0.0344	-0.0021	-0.0021	-0.0001	0.0768
132	-0.0007	-0.0012	-0.0003	-0.0044	-0.0079	-0.0010	-0.0006	-0.0082	0.0114	-0.0174	-0.0015	0.0390	-0.0022	-0.0029	0.0245	-0.0121	-0.0101	-0.0057	0.0009	0.0007	0.0765
1	0.0022	-0.0025	-0.0056	0.0037	-0.0050	0.0027	-0.0034	-0.0098	-0.0065	-0.0144	0.0045	0.0502	0.0017	0.0034	-0.0013	-0.0185	-0.0049	-0.0028	0.0058	0.0006	0.0747
40	-0.0002	-0.0022	-0.0068	0.0013	-0.0023	0.0000	-0.0034	-0.0022	-0.0090	-0.0083	0.0022	0.0641	-0.0007	0.0009	-0.0040	-0.0199	-0.0114	-0.0022	0.0035	0.0004	0.0725
71	-0.0021	-0.0021	-0.0021	-0.0021	-0.0015	-0.0021	-0.0021	-0.0194	-0.0021	0.0720	-0.0021	-0.0021	-0.0021	-0.0021	-0.0021	-0.0021	-0.0054	-0.0162	-0.0021	-0.0000	0.0720
151	-0.0041	-0.0014	-0.0005	0.0016	-0.0119	0.0005	-0.0003	-0.0048	-0.0027	-0.0259	0.0022	0.0200	-0.0017	0.0012	-0.0034	0.0427	-0.0055	-0.0047	0.0034	-0.0045	0.0714
24	-0.0083	-0.0017	-0.0033	0.0032	-0.0022	-0.0034	-0.0044	-0.0022	-0.0090	-0.0022	0.0014	0.0468	-0.0020	0.0158	-0.0057	-0.0156	-0.0067	-0.0041	0.0032	0.0001	0.0705
74	0.0075	0.0161	-0.0014	-0.0020	0.0411	-0.0455	-0.0020	-0.0021	-0.0021	-0.0021	-0.0018	-0.0021	-0.0021	-0.0019	-0.0018	0.0033	-0.0005	0.0013	-0.0017	-0.0001	0.0693
98	-0.0103	-0.0022	0.0218	0.0407	-0.0022	-0.0110	-0.0054	-0.0022	-0.0018	-0.0022	0.0021	-0.0069	-0.0008	0.0008	-0.0041	-0.0116	-0.0042	-0.0041	0.0034	0.0001	0.0689
100	-0.0030	0.0000	-0.0022	-0.0022	-0.0045	-0.0022	0.0006	0.0063	-0.0063	0.0190	-0.0281	-0.0040	-0.0022	0.0011	-0.0051	-0.0027	0.0393	-0.0037	0.0023	-0.0026	0.0686
3	-0.0079	0.0009	0.0017	0.0025	-0.0064	0.0016	0.0014	-0.0054	-0.0049	-0.0136	0.0031	-0.0014	-0.0029	0.0021	-0.0073	-0.0145	0.0486	-0.0033	0.0043	0.0013	0.0675
135	-0.0093	-0.0021	-0.0141	0.0056	-0.0021	0.0615	-0.0051	-0.0021	-0.0021	-0.0021	-0.0018	-0.0021	-0.0021	-0.0042	-0.0021	-0.0021	-0.0091	-0.0021	-0.0021	0.0000	0.0671
63	-0.0041	-0.0022	0.0019	0.0026	-0.0022	-0.0002	0.0015	-0.0225	-0.0019	-0.0130	0.0018	-0.0049	-0.0022	0.0022	-0.0064	0.0424	0.0102	-0.0031	0.0042	-0.0039	0.0667
73	-0.0043	-0.0021	-0.0021	-0.0021	-0.0021	-0.0021	-0.0021	-0.0020	-0.0058	-0.0021	-0.0026	-0.0021	-0.0021	-0.0053	-0.0007	-0.0225	0.0665	-0.0021	-0.0021	-0.0000	0.0665
60	0.0023	0.0019	0.0028	0.0034	-0.0221	0.0026	-0.0003	-0.0114	0.0015	0.0441	0.0027	0.0006	-0.0022	0.0021	-0.0044	-0.0166	-0.0003	-0.0083	0.0023	-0.0009	0.0665
177	0.0659	-0.0021	-0.0021	-0.0021	-0.0021	-0.0021	-0.0021	-0.0021	-0.0021	-0.0021	-0.0018	-0.0021	-0.0311	-0.0021	-0.0021	-0.0021	-0.0021	-0.0021	-0.0016	-0.0001	0.0659
161	-0.0021	-0.0021	-0.0021	-0.0021	-0.0021	-0.0021	-0.0021	-0.0021	-0.0021	-0.0021	-0.0021	-0.0021	-0.0300	-0.0021	-0.0021	-0.0021	0.0655	-0.0021	-0.0019	-0.0001	0.0655
146	0.0142	-0.0021	0.0491	0.0016	-0.0021	-0.0090	-0.0074	-0.0021	-0.0021	-0.0021	-0.0021	-0.0068	-0.0020	-0.0021	-0.0021	-0.0092	-0.0092	-0.0021	-0.0021	0.0000	0.0648
104	-0.0021	-0.0024	-0.0016	-0.0012	-0.0067	-0.0021	-0.0021	-0.0081	-0.0021	0.0639	-0.0063	-0.0021	-0.0021	-0.0021	-0.0021	-0.0021	-0.0021	-0.0116	-0.0002	-0.0044	0.0639
186	-0.0022	-0.0022	-0.0044	0.0410	-0.0022	-0.0049	0.0031	-0.0022	-0.0182	-0.0022	0.0061	-0.0016	0.0019	0.0013	-0.0028	-0.0135	-0.0029	-0.0022	0.0078	0.0001	0.0614
193	-0.0026	0.0030	0.0040	0.0045	-0.0020	0.0038	0.0036	-0.0373	-0.0021	-0.0021	0.0039	0.0008	-0.0052	0.0043	-0.0044	-0.0038	0.0261	-0.0004	0.0060	-0.0000	0.0600
194	-0.0057	0.0011	-0.0103	-0.0008	-0.0021	-0.0010	0.0017	-0.0174	0.0007	-0.0152	-0.0015	-0.0003	0.0011	0.0024	-0.0014	-0.0021	-0.0013	0.0479	0.0041	0.0001	0.0592
41	-0.0018	-0.0001	0.0029	0.0036	-0.0110	0.0027	0.0026	-0.0057	0.0014	-0.0183	0.0042	0.0003	-0.0068	0.0033	-0.0006	0.0294	-0.0051	-0.0019	0.0051	-0.0042	0.0555
76	-0.0021	-0.0021	0.0489	0.0043	-0.0021	-0.0021	-0.0105	-0.0021	-0.0021	-0.0021	-0.0021	-0.0021	-0.0021	-0.0096	-0.0021	-0.0021	-0.0021	-0.0021	-0.0034	-0.0000	0.0532
66	0.0020	-0.0052	-0.0022	0.0031	-0.0087	0.0024	-0.0071	-0.0050	0.0012	-0.0100	0.0036	-0.0049	0.0017	0.0029	-0.0022	-0.0035	-0.0006	-0.0017	0.0045	0.0296	0.0511
65	-0.0070	0.0020	-0.0021	-0.0021	-0.0042	-0.0027	0.0025	-0.0057	-0.0021	-0.0140	-0.0018	-0.0021	0.0020	0.0031	-0.0021	-0.0021	-0.0024	0.0363	0.0045	0.0001	0.0505
184	-0.0070	-0.0032	0.0004	0.0010	-0.0039	0.0001	-0.0001	-0.0074	-0.0010	-0.0067	0.0014	-0.0020	-0.0022	0.0007	-0.0028	0.0406	-0.0063	-0.0042	0.0022	0.0005	0.0467
123	0.0012	-0.0035	-0.0021	0.0022	-0.0061	0.0015	-0.0124	-0.0021	0.0004	-0.0021	0.0026	-0.0021	0.0008	0.0019	-0.0013	-0.0112	-0.0013	-0.0023	0.0034	0.0327	0.0467
44	0.0021	-0.0022	0.0027	0.0034	0.0186	0.0025	0.0023	-0.0142	0.0011	-0.0120	0.0041	-0.0002	0.0016	0.0031	-0.0012	-0.0030	-0.0013	-0.0074	0.0052	-0.0050	0.0466
23	0.0010	-0.0021	0.0034	0.0061	-0.0243	-0.0021	0.0019	-0.0021	-0.0021	-0.0021	0.0084	-0.0021	-0.0007	0.0048	-0.0021	-0.0021	-0.0021	-0.0021	0.0203	0.0001	0.0460
75	0.0198	-0.0011	0.0082	-0.0004	-0.0113	-0.0024	-0.0019	-0.0022	-0.0003	-0.0061	0.0027	-0.0060	-0.0021	0.0016	-0.0027	0.0092	-0.0080	-0.0011	0.0038	0.0003	0.0457
90	-0.0023	0.0017	0.0251	-0.0030	-0.0022	-0.0022	-0.0022	-0.0022	0.0009	-0.0050	0.0051	-0.0080	0.0017	0.0037	-0.0022	-0.0111	-0.0024	-0.0022	0.0066	0.0001	0.0448
8	0.0011	-0.0021	0.0015	0.0019	0.0287	0.0013	0.0012	-0.0122	0.0004	-0.0150	0.0023	-0.0003	0.0008	0.0017	-0.0010	-0.0021	-0.0010	-0.0021	0.0030	-0.0080	0.0439
22	0.0272	0.0007	0.0002	0.0004	-0.0036	-0.0072	0.0015	-0.0022	-0.0000	-0.0022	0.0037	-0.0015	-0.0022	0.0025	-0.0027	-0.0158	-0.0024	-0.0022	0.0051	0.0007	0.0419
47	0.0026	-0.0035	0.0030	0.0035	0.0088	0.0029	0.0028	-0.0070	0.0019	-0.0267	0.0040	0.0011	0.0023	0.0033	0.0004	-0.0021	0.0003	-0.0021	0.0047	0.0000	0.0415
18	0.0236	-0.0001	0.0011	0.0003	-0.0022	0.0000	-0.0025	-0.0022	-0.0007	-0.0022	0.0028	-0.0022	0.0083	0.0010	-0.0022	-0.0229	-0.0022	-0.0022	0.0041	0.0003	0.0414
144	-0.0025	-0.0021	-0.0033	-0.0007	-0.0021	-0.0013	0.0014	-0.0020	-0.0043	-0.0020	0.0005	0.0113	-0.0048	0.0064	-0.0089	0.0111	-0.0014	-0.0054	0.0018	0.0084	0.0409
12	0.0027	-0.0021	0.0031	0.0035	0.0063	0.0029	0.0028	-0.0061	0.0021	-0.0246	0.0039	0.0013	0.0024	0.0033	0.0007	-0.0021	0.0006	-0.0052	0.0046	0.0000	0.0401
67	0.0187	0.0022	-0.0021	-0.0021	-0.0021	-0.0021	0.0027	-0.0036	0.0018	-0.0079	0.0039	0.0010	-0.0021	0.0032	0.0002	-0.0021	-0.0021	-0.0121	0.0047	0.0000	0.0384
69	-0.0021	-0.0021	-0.0021	0.0032	-0.0021	-0.0021	-0.0021	-0.0021	-0.0021	-0.0021	-0.0021	-0.0021	-0.0021	-0.0021	-0.0021	-0.0066	0.0297	-0.0021	0.0040	0.0015	0.0382
134	0.0018	-0.0021	0.0010	0.0030	0.0043	0.0022	0.0006	-0.0022	0.0009	-0.0154	0.0036	-0.0017	0.0014	0.0027	-0.0012	-0.0115	-0.0012	-0.0022	0.0046	0.0112	0.0374
52	-0.0021	0.0008	-0.0021	0.0002	-0.0062	-0.0021	0.0012	-0.0092	0.0004	-0.0112	0.0009	-0.0003	0.0008	0.0017	-0.0010	-0.0021	-0.0010	0.0281	0.0030	0.0003	0.0374
89	0.0109	0.0020	-0.0021	0.0041	-0.0021	-0.0015	0.0029	-0.0021	0.0013	-0.0021	0.0052	-0.0004	-0.0005	0.0040	-0.0017	-0.0140	-0.0086	-0.0021	0.0067	0.0000	0.0372
19	-0.0043	-0.0001	-0.0008	0.0006	-0.0009	0.0004	0.0003	-0.0021	-0.0021	-0.0013	0.0005	-0.0236	0.0087	0.0005	-0.0001	0.0252	-0.0015	-0.0000	0.0007	0.0001	0.0370
105	0.0126	0.0019	-0.0021	0.0035	-0.0021	-0.0021	0.0027	-0.0021	0.0014	-0.0021	0.0045	0.0001	-0.0021	0.0035	-0.0010	-0.0104	-0.0097	-0.0021	0.0057	0.0000	0.0359
117	-0.0018	-0.0020	0.0115	-0.0018	-0.0021	-0.0068	-0.0021	-0.0021	-0.0026	-0.0021	-0.0012	0.0179	-0.0016	-0.0014	-0.0021	0.0062	-0.0025	-0.0021	-0.0010	-0.0000	0.0356
51	-0.0021	-0.0021	-0.0021	-0.0021	-0.0021	0.0222	0.0015	-0.0021	0.0000	-0.0021	0.0035	-0.0014	0.0007	0.0024	-0.0082	-0.0065	-0.0021	-0.0021	0.0048	0.0001	0.0352
81	0.0120	0.0013	0.0025	0.0003	-0.0021	0.0004	0.0024	-0.0021	0.0005	-0.0021	0.0050	-0.0013	-0.0021	0.0035	-0.0028	-0.0178	-0.0021	-0.0021	0.0067	0.0000	0.0347
121	0.0011	-0.0021	-0.0021	0.0020	0.0161	0.0014	-0.0025	-0.0072	0.0004	-0.0116	0.0025	-0.0021	0.0008	0.0018	-0.0012	-0.0021	-0.0012	-0.0021	0.0032	0.0050	0.0344
143	0.0006	-0.0013	-0.0021	0.0017	0.0235	0.0009	-0.0006	-0.0026	-0.0003	-0.0111	0.0023	-0.0021	0.0002	0.0014	-0.0021	-0.0021	-0.0021	-0.0045	0.0031	-0.0027	0.0337
94	-0.0021	-0.0021	-0.0015	-0.0021	-0.0021	-0.0021	-0.0019	-0.0021	-0.0001	-0.0021	-0.0021	-0.0021	-0.0021	-0.0021	0.0324	-0.0021	-0.0021	-0.0021	0.0006	0.0000	0.0330
91	0.0018	-0.0021	-0.0021	0.0027	-0.0045	0.0021	-0.0021	-0.0021	0.0011	-0.0083	0.0032	-0.0071	0.0015	0.0025	-0.0004	-0.0021	-0.0004	-0.0013	0.0039	0.0137	0.0326
133	0.0003	0.0009	0.0024	0.0034	-0.0021	0.0021	-0.0021	-0.0021	0.0002	-0.0021	0.0042	-0.0015	0.0096	0.0017	-0.0021	-0.0143	-0.0021	-0.0021	0.0057	0.0000	0.0306
34	-0.0021	0.0013	0.0103	-0.0037	-0.0021	-0.0021	-0.0021	-0.0021	0.0004	-0.0021	0.0055	-0.0051	0.0013	0.0039	-0.0021	-0.0021	-0.0021	-0.0021	0.0074	0.0000	0.0300
106	-0.0021	-0.0021	0.0004	0.0033	-0.0034	-0.0021	-0.0013	-0.0021	-0.0021	-0.0021	0.0059	-0.0021	-0.0021	0.0019	-0.0021	-0.0021	-0.0021	-0.0021	0.0182	0.0000	0.0299
77	-0.0021	0.0015	-0.0021	-0.0021	-0.0021	-0.0021	0.0018	-0.0088	0.0012	-0.0083	0.0014	0.0006	0.0015	0.0022	0.0001	-0.0021	0.0000	0.0161	0.0033	0.0000	0.0297
118	0.0014	0.0009	0.0005	0.0029	-0.0022	0.0019	0.0005	-0.0022	-0.0022	-0.0022	0.0036	0.0093	0.0009	0.0025	-0.0022	-0.0118	-0.0033	-0.0033	0.0049	0.0001	0.0293
72	-0.0021	0.0019	-0.0006	0.0010	-0.0021	-0.0007	0.0023	0.0137	-0.0021	-0.0124	-0.0021	-0.0007	0.0019	0.0028	-0.0021	-0.0021	-0.0021	0.0015	0.0040	0.0000	0.0292
45	-0.0032	-0.0022	0.0015	0.0021	-0.0022	0.0004	0.0005	-0.0022	-0.0010	-0.0022	0.0018	-0.0020	-0.0023	0.0013	-0.0022	0.0186	-0.0068	-0.0022	0.0018	0.0001	0.0282
174	-0.0036	-0.0022	-0.0001	0.0222	-0.0023	0.0015	-0.0009	-0.0022	-0.0016	-0.0038	-0.0001	0.0044	-0.0009	-0.0007	-0.0020	-0.0029	-0.0023	-0.0022	-0.0003	0.0000	0.0281
50	0.0016	-0.0021	-0.0021	0.0028	-0.0079	0.0020	-0.0021	-0.0021	0.0006	-0.0021	0.0034	-0.0021	0.0011	0.0025	-0.0014	-0.0021	-0.0015	-0.0021	0.0044	0.0092	0.0276
21	0.0019	-0.0021	-0.0021	0.0030	-0.0084	0.0022	-0.0024	-0.0021	0.0010	-0.0021	0.0035	-0.0021	0.0015	0.0027	-0.0008	-0.0021	-0.0009	-0.0020	0.0044	0.0070	0.0273
145	-0.0067	-0.0004	-0.0003	-0.0009	-0.0005	-0.0030	-0.0022	-0.0011	-0.0003	-0.0022	-0.0013	-0.0003	0.0271	-0.0004	-0.0010	-0.0025	-0.0015	-0.0026	-0.0001	-0.0000	0.0271
31	0.0014	0.0086	0.0023	0.0032	-0.0042	-0.0022	0.0017	-0.0037	0.0001	-0.0022	0.0040	-0.0016	0.0008	0.0028	-0.0022	-0.0036	-0.0031	-0.0040	0.0018	0.0000	0.0266
176	0.0010	0.0001	0.0022	-0.0004	-0.0021	0.0017	-0.0038	-0.0021	-0.0021	-0.0021	0.0046	-0.0032	-0.0021	0.0100	-0.0021	-0.0021	-0.0021	-0.0021	0.0067	0.0000	0.0263
79	0.0002	-0.0007	0.0014	0.0017	-0.0021	0.0010	-0.0021	-0.0021	-0.0021	-0.0021	0.0039	-0.0040	-0.0021	0.0114	-0.0021	-0.0021	-0.0021	-0.0021	0.0061	0.0000	0.0259
11	-0.0021	0.0009	-0.0021	0.0008	-0.0021	-0.0021	0.0013	-0.0015	0.0006	-0.0117	-0.0001	-0.0002	0.0009	0.0017	-0.0007	-0.0021	-0.0009	0.0168	0.0028	0.0000	0.0257
96	-0.0032	0.0007	0.0022	0.0032	-0.0021	0.0019	-0.0021	-0.0021	0.0000	-0.0021	0.0040	-0.0016	0.0078	-0.0009	-0.0021	-0.0050	-0.0021	-0.0021	0.0055	0.0000	0.0254
112	-0.0021	0.0006	0.0095	-0.0021	-0.0021	-0.0021	-0.0021	-0.0021	-0.0003	-0.0021	0.0048	-0.0021	0.0006	0.0032	-0.0021	-0.0021	-0.0021	-0.0021	0.0067	0.0000	0.0254
137	-0.0021	0.0006	0.0095	-0.0021	-0.0021	-0.0021	-0.0021	-0.0021	-0.0003	-0.0021	0.0048	-0.0021	0.0006	0.0032	-0.0021	-0.0021	-0.0021	-0.0021	0.0067	0.0000	0.0253
68	-0.0021	0.0009	0.0094	-0.0021	-0.0021	-0.0021	-0.0021	-0.0021	0.0001	-0.0021	0.0045	-0.0021	0.0009	0.0031	-0.0021	-0.0021	-0.0021	-0.0021	0.0062	0.0000	0.0251
103	-0.0021	0.0016	-0.0021	0.0012	-0.0021	-0.0021	0.0021	-0.0109	0.0012	-0.0021	0.0031	0.0003	0.0016	0.0027	-0.0004	-0.0021	-0.0005	0.0062	0.0042	0.0000	0.0244
139	-0.0038	-0.0053	0.0008	0.0015	-0.0021	0.0006	0.0006	-0.0021	-0.0004	-0.0021	0.0020	-0.0015	-0.0021	0.0012	-0.0022	0.0051	0.0094	-0.0021	0.0026	0.0000	0.0239
86	-0.0021	-0.0021	-0.0021	0.0021	-0.0021	0.0084	0.0012	-0.0021	-0.0008	-0.0021	0.0039	-0.0021	0.0000	0.0024	-0.0021	-0.0021	-0.0021	-0.0021	0.0057	0.0000	0.0238
101	-0.0021	-0.0021	-0.0021	0.0027	-0.0021	0.0083	0.0012	-0.0021	-0.0007	-0.0021	0.0037	-0.0021	0.0001	0.0023	-0.0021	-0.0021	-0.0021	-0.0021	0.0053	0.0000	0.0236
80	-0.0021	0.0017	-0.0021	-0.0021	-0.0021	-0.0021	0.0021	0.0043	-0.0021	-0.0027	-0.0021	0.0000	0.0017	0.0025	-0.0020	-0.0021	-0.0021	0.0075	0.0036	0.0000	0.0236
182	-0.0021	0.0018	0.0014	-0.0021	-0.0021	-0.0021	0.0023	-0.0096	0.0014	-0.0021	-0.0000	0.0005	0.0018	0.0029	-0.0003	-0.0021	-0.0003	0.0063	0.0044	0.0000	0.0228
180	-0.0021	0.0019	-0.0021	0.0005	-0.0021	-0.0021	0.0024	-0.0094	0.0015	-0.0021	-0.0004	0.0006	0.0019	0.0030	-0.0001	-0.0021	-0.0002	0.0064	0.0045	0.0000	0.0227
13	0.0012	0.0007	-0.0021	0.0026	-0.0021	0.0016	-0.0035	-0.0021	-0.0021	-0.0021	0.0032	0.0060	0.0007	0.0022	-0.0021	-0.0021	-0.0021	-0.0021	0.0043	0.0000	0.0225
38	0.0006	-0.0011	0.0009	0.0012	0.0112	0.0008	-0.0021	-0.0054	0.0002	0.0034	0.0014	-0.0004	-0.0021	0.0002	-0.0021	-0.0021	-0.0009	-0.0056	0.0020	0.0000	0.0219
127	0.0017	-0.0021	0.0023	0.0030	-0.0021	-0.0021	-0.0021	-0.0021	-0.0022	-0.0021	0.0034	-0.0003	-0.0003	0.0015	0.0060	-0.0021	-0.0021	-0.0021	0.0039	0.0000	0.0218
82	-0.0021	0.0002	0.0017	0.0027	-0.0021	0.0014	-0.0004	-0.0021	-0.0005	-0.0021	0.0035	-0.0021	0.0072	-0.0021	-0.0021	-0.0021	-0.0021	-0.0021	0.0050	0.0000	0.0218
136	0.0012	-0.0021	0.0018	0.0024	-0.0021	-0.0021	-0.0006	-0.0021	-0.0022	-0.0021	0.0017	-0.0009	-0.0009	0.0016	0.0102	-0.0018	-0.0021	-0.0021	0.0025	0.0000	0.0214
165	0.0014	-0.0021	-0.0021	0.0024	-0.0021	0.0017	-0.0021	-0.0021	0.0006	-0.0021	0.0029	-0.0021	0.0010	0.0022	-0.0011	-0.0021	-0.0012	-0.0021	0.0038	0.0051	0.0212
107	0.0011	0.0006	-0.0021	0.0024	-0.0021	0.0015	-0.0021	-0.0021	-0.0021	-0.0021	0.0030	0.0059	0.0006	0.0021	-0.0021	-0.0021	-0.0021	-0.0021	0.0041	0.0000	0.0211
93	0.0014	-0.0021	-0.0021	0.0024	-0.0021	0.0017	-0.0021	-0.0021	0.0006	-0.0021	0.0029	-0.0021	0.0010	0.0022	-0.0011	-0.0021	-0.0012	-0.0021	0.0038	0.0051	0.0211
92	0.0010	0.0006	-0.0021	0.0024	-0.0021	0.0015	-0.0021	-0.0021	-0.0021	-0.0021	0.0030	0.0057	0.0006	0.0020	-0.0021	-0.0021	-0.0021	-0.0021	0.0041	0.0000	0.0209
6	0.0008	0.0072	0.0016	0.0026	-0.0026	-0.0020	0.0011	-0.0021	-0.0006	-0.0021	0.0034	-0.0022	0.0001	0.0021	-0.0021	-0.0021	-0.0023	-0.0021	0.0014	0.0000	0.0203
183	0.0015	0.0013	0.0017	0.0020	-0.0055	0.0016	-0.0021	-0.0042	0.0011	0.0042	0.0020	0.0006	-0.0021	0.0016	-0.0021	-0.0021	0.0002	-0.0021	0.0025	0.0000	0.0203
57	0.0019	0.0017	0.0022	0.0025	-0.0090	0.0021	0.0005	-0.0026	0.0015	0.0044	0.0001	0.0010	-0.0021	0.0003	-0.0017	-0.0021	0.0005	-0.0024	0.0013	0.0000	0.0200
181	-0.0021	0.0013	-0.0021	0.0005	-0.0021	-0.0021	0.0018	-0.0058	0.0009	-0.0021	0.0027	0.0000	0.0013	0.0023	-0.0007	-0.0021	-0.0008	0.0051	0.0038	0.0000	0.0198
162	0.0013	0.0011	0.0016	0.0019	-0.0041	0.0015	-0.0021	-0.0037	0.0009	0.0058	0.0017	0.0004	-0.0021	0.0008	-0.0021	-0.0021	0.0000	-0.0032	0.0024	0.0000	0.0195
102	0.0007	0.0070	0.0015	0.0025	-0.0021	-0.0021	0.0010	-0.0021	-0.0006	-0.0021	0.0032	-0.0021	0.0001	0.0020	-0.0021	-0.0021	-0.0021	-0.0021	0.0013	0.0000	0.0194
49	0.0007	0.0070	0.0015	0.0025	-0.0021	-0.0021	0.0010	-0.0021	-0.0006	-0.0021	0.0032	-0.0021	0.0001	0.0020	-0.0021	-0.0021	-0.0021	-0.0021	0.0013	0.0000	0.0194
150	0.0004	0.0067	0.0013	0.0022	-0.0021	-0.0011	0.0007	-0.0021	-0.0010	-0.0021	0.0031	-0.0021	-0.0003	0.0018	-0.0021	-0.0021	-0.0021	-0.0021	0.0029	0.0000	0.0190
95	0.0013	0.0011	0.0016	0.0019	-0.0021	0.0015	0.0014	-0.0031	0.0009	0.0077	-0.0024	0.0003	-0.0021	-0.0021	-0.0021	-0.0021	-0.0001	-0.0019	0.0005	0.0000	0.0181
88	0.0012	0.0009	0.0015	0.0019	-0.0021	0.0014	0.0013	0.0044	0.0002	-0.0021	-0.0021	-0.0021	0.0009	0.0017	-0.0008	-0.0021	-0.0021	-0.0046	0.0028	0.0000	0.0181
17	0.0002	-0.0021	0.0008	0.0015	0.0073	0.0006	0.0004	-0.0021	-0.0008	-0.0021	0.0021	-0.0020	-0.0003	0.0012	-0.0021	-0.0021	-0.0021	-0.0021	0.0037	0.0000	0.0179
25	0.0014	0.0010	0.0020	0.0026	-0.0021	-0.0021	0.0016	-0.0021	-0.0021	-0.0021	-0.0004	-0.0006	0.0009	0.0020	0.0055	-0.0021	-0.0021	-0.0021	0.0008	0.0000	0.0178
124	0.0014	0.0009	0.0020	0.0025	-0.0021	-0.0021	0.0015	-0.0021	-0.0021	-0.0021	-0.0006	-0.0004	0.0010	0.0021	0.0056	-0.0021	-0.0021	-0.0021	0.0006	0.0000	0.0177
131	0.0008	0.0006	0.0011	0.0015	-0.0019	0.0010	-0.0021	0.0045	0.0004	0.0038	0.0010	-0.0021	-0.0021	0.0007	-0.0021	-0.0021	-0.0021	-0.0032	0.0022	0.0000	0.0177
20	-0.0024	0.0010	-0.0021	0.0015	-0.0021	-0.0021	0.0015	-0.0021	0.0006	-0.0021	0.0014	-0.0003	0.0010	0.0021	-0.0011	-0.0021	-0.0011	0.0049	0.0036	0.0000	0.0176
179	0.0013	0.0009	0.0018	0.0023	-0.0021	-0.0021	0.0015	-0.0021	-0.0021	-0.0021	0.0001	-0.0005	0.0009	0.0021	0.0054	-0.0021	-0.0021	-0.0021	0.0011	0.0000	0.0173
99	0.0006	-0.0021	0.0010	0.0016	0.0044	0.0009	0.0007	-0.0021	-0.0002	-0.0021	0.0020	-0.0011	0.0002	0.0013	-0.0019	-0.0021	-0.0019	-0.0021	0.0028	0.0000	0.0156
70	0.0006	-0.0021	0.0010	0.0014	0.0035	0.0009	0.0008	-0.0021	-0.0000	-0.0021	0.0018	-0.0007	0.0003	0.0012	-0.0014	-0.0021	-0.0014	-0.0021	0.0025	0.0000	0.0140
167	0.0006	-0.0021	0.0010	0.0014	0.0035	0.0009	0.0008	-0.0021	-0.0000	-0.0021	0.0018	-0.0007	0.0003	0.0012	-0.0014	-0.0021	-0.0014	-0.0021	0.0025	0.0000	0.0140