# Omega fit to each site after fixing tree and all other parameters.
# Fits compared to null model of omega = 1.
# P-values NOT corrected for multiple testing, so consider Q-values too.
# Q-values computed separately for omega > and < 1 # Will fit different synonymous rate for each site.
#
site	omega	P	dLnL	Q
78	0.000	1.1e-10	20.820	2.2e-08
188	0.000	8.67e-09	16.560	5.81e-07
192	0.000	5.97e-09	16.923	5.81e-07
166	0.013	6.32e-08	14.631	2.54e-06
199	0.042	6.13e-08	14.660	2.54e-06
201	0.000	1.21e-07	13.999	4.07e-06
60	0.000	5.38e-06	10.348	0.000143
123	0.000	5.7e-06	10.293	0.000143
197	0.000	6.85e-06	10.117	0.000145
125	0.056	7.2e-06	10.070	0.000145
194	0.000	1.22e-05	9.569	0.000222
59	0.000	1.49e-05	9.372	0.00025
186	0.000	1.75e-05	9.220	0.000271
4	0.014	2e-05	9.093	0.000288
98	0.019	3.14e-05	8.667	0.000394
108	0.049	3e-05	8.709	0.000394
48	0.033	3.97e-05	8.443	0.000469
187	0.000	5.1e-05	8.205	0.00057
5	0.102	9.29e-05	7.638	0.000983
42	0.084	0.000115	7.435	0.0011
22	0.000	0.000115	7.433	0.0011
62	0.000	0.000125	7.360	0.00114
191	0.000	0.000166	7.089	0.00145
54	0.043	0.000179	7.020	0.0015
130	0.019	0.000195	6.938	0.00157
136	0.000	0.000213	6.856	0.00165
141	0.075	0.000289	6.570	0.00215
47	0.000	0.000318	6.480	0.00229
77	0.000	0.000411	6.241	0.00285
91	0.000	0.000484	6.088	0.00324
37	0.071	0.000539	5.988	0.00349
7	0.000	0.000617	5.862	0.00388
44	0.000	0.000685	5.765	0.00405
138	0.102	0.000678	5.774	0.00405
140	0.071	0.000914	5.497	0.00525
122	0.083	0.00114	5.289	0.00639
184	0.000	0.00119	5.252	0.00647
142	0.120	0.00146	5.061	0.00763
84	0.054	0.00148	5.052	0.00763
159	0.126	0.00159	4.983	0.00801
56	0.000	0.00177	4.888	0.00866
33	0.000	0.00181	4.866	0.00866
26	0.117	0.00189	4.828	0.00882
24	0.063	0.00206	4.748	0.00927
97	0.000	0.00207	4.741	0.00927
172	0.098	0.00218	4.694	0.00954
40	0.000	0.00242	4.600	0.0104
110	0.151	0.00312	4.367	0.0128
200	0.000	0.00318	4.351	0.0128
126	0.182	0.00316	4.355	0.0128
71	0.071	0.00338	4.294	0.0131
65	0.000	0.00338	4.296	0.0131
53	0.000	0.0038	4.190	0.0144
198	0.000	0.00398	4.147	0.0148
132	0.076	0.00417	4.105	0.0152
161	0.069	0.00425	4.088	0.0152
39	0.000	0.00447	4.041	0.0157
28	0.000	0.00452	4.032	0.0157
61	0.000	0.00464	4.007	0.0158
35	0.000	0.00518	3.908	0.0173
131	0.089	0.00638	3.720	0.0204
41	0.000	0.0064	3.717	0.0204
105	0.000	0.00622	3.742	0.0204
27	0.095	0.00848	3.465	0.0266
100	0.169	0.00876	3.436	0.0271
43	0.119	0.0101	3.308	0.0303
52	0.000	0.0101	3.309	0.0303
46	0.000	0.0106	3.269	0.0312
145	0.083	0.0112	3.220	0.0321
45	0.000	0.0112	3.218	0.0321
80	0.181	0.0125	3.118	0.0354
3	0.000	0.0132	3.070	0.0369
193	0.000	0.0141	3.011	0.0389
162	0.000	0.0158	2.910	0.043
85	0.000	0.0171	2.845	0.0457
174	0.211	0.0174	2.829	0.046
75	0.147	0.0183	2.786	0.0477
168	0.201	0.0186	2.771	0.0478
178	0.180	0.0209	2.669	0.0531
9	0.209	0.0213	2.649	0.0536
146	0.061	0.0219	2.625	0.0544
169	0.197	0.0233	2.574	0.057
83	0.129	0.0235	2.564	0.057
189	0.082	0.027	2.445	0.0646
164	0.262	0.028	2.414	0.0662
147	0.091	0.0291	2.380	0.0681
104	0.176	0.0311	2.323	0.0719
67	0.000	0.0315	2.312	0.072
76	0.082	0.0327	2.280	0.0739
90	0.000	0.0335	2.261	0.0748
182	0.000	0.038	2.152	0.0839
1	0.000	0.0393	2.123	0.085
18	0.142	0.0392	2.127	0.085
139	0.129	0.0399	2.112	0.0853
170	0.201	0.0444	2.021	0.0939
133	0.000	0.0483	1.950	0.1
109	0.286	0.0479	1.958	0.1
196	0.000	0.0504	1.914	0.103
149	0.166	0.0603	1.764	0.12
51	0.000	0.0602	1.766	0.12
21	0.000	0.0603	1.764	0.12
177	0.161	0.0637	1.719	0.126
95	0.000	0.0662	1.687	0.128
113	0.329	0.066	1.690	0.128
66	0.000	0.0681	1.664	0.129
8	0.000	0.0675	1.671	0.129
183	0.000	0.0719	1.619	0.135
180	0.000	0.0752	1.582	0.14
175	0.197	0.0764	1.570	0.141
114	0.324	0.0824	1.508	0.151
103	0.000	0.0833	1.500	0.151
63	0.246	0.0902	1.435	0.162
81	0.000	0.0917	1.422	0.163
195	0.000	0.0922	1.418	0.163
2	0.000	0.0961	1.385	0.168
121	0.150	0.104	1.318	0.181
34	0.000	0.106	1.307	0.182
64	0.150	0.109	1.283	0.186
73	0.295	0.132	1.132	0.224
120	0.297	0.134	1.120	0.225
128	0.264	0.145	1.061	0.241
6	0.000	0.158	0.995	0.261
36	0.348	0.171	0.938	0.279
151	0.278	0.172	0.933	0.279
55	0.282	0.181	0.896	0.288
11	0.230	0.18	0.898	0.288
160	0.445	0.19	0.858	0.299
50	0.000	0.189	0.863	0.299
10	0.438	0.198	0.829	0.308
144	0.282	0.201	0.819	0.31
107	0.000	0.236	0.701	0.363
156	0.362	0.289	0.562	0.44
58	0.209	0.296	0.546	0.441
137	0.000	0.294	0.551	0.441
31	0.000	0.296	0.545	0.441
176	0.000	0.308	0.519	0.456
17	0.000	0.322	0.490	0.473
112	0.000	0.336	0.463	0.489
57	0.000	0.363	0.414	0.523
30	0.458	0.364	0.412	0.523
173	0.441	0.37	0.402	0.527
89	0.000	0.377	0.389	0.534
79	0.000	0.38	0.385	0.535
12	0.000	0.385	0.378	0.537
94	0.294	0.4	0.354	0.555
135	0.392	0.403	0.350	0.555
143	0.336	0.413	0.336	0.564
68	0.000	0.448	0.288	0.608
127	0.000	0.452	0.282	0.61
181	0.000	0.456	0.278	0.611
20	0.000	0.477	0.252	0.635
25	0.000	0.495	0.233	0.646
99	0.000	0.493	0.235	0.646
129	0.669	0.493	0.235	0.646
74	0.579	0.508	0.219	0.654
167	0.000	0.511	0.216	0.654
124	0.000	0.511	0.216	0.654
49	0.000	0.519	0.208	0.657
38	0.571	0.519	0.207	0.657
93	0.000	0.533	0.195	0.662
102	0.000	0.532	0.195	0.662
82	0.000	0.533	0.194	0.662
165	0.000	0.541	0.187	0.667
88	0.000	0.55	0.179	0.674
92	0.000	0.558	0.171	0.68
150	0.000	0.567	0.164	0.687
101	0.000	0.575	0.157	0.688
179	0.000	0.575	0.157	0.688
96	0.000	0.593	0.143	0.705
111	0.696	0.622	0.122	0.735
70	0.000	0.652	0.102	0.766
29	0.713	0.676	0.087	0.79
87	0.647	0.692	0.079	0.804
13	0.000	0.73	0.060	0.843
86	0.000	0.771	0.042	0.886
14	0.807	0.805	0.030	0.914
116	0.789	0.802	0.031	0.914
106	1.000	1	0.000	1
185	100.000	0.125	1.174	1
190	100.000	0.398	0.357	1
15	2.305	0.275	0.596	1
16	4.868	0.158	0.998	1
115	10.840	0.429	0.313	1
157	100.000	0.00597	3.780	1
19	4.542	0.0401	2.107	1
32	92.831	0.171	0.939	1
163	1.309	0.774	0.041	1
155	99.153	0.0792	1.541	1
154	0.892	0.933	0.004	1
153	1.001	0.999	0.000	1
152	1.689	0.665	0.093	1
117	32.167	0.0989	1.362	1
171	1.519	0.544	0.184	1
148	0.884	0.934	0.003	1
134	1.418	0.789	0.036	1
69	1.066	0.947	0.002	1
72	0.895	0.907	0.007	1
119	100.000	0.0135	3.049	1
158	0.864	0.903	0.007	1
23	1.000	1	0.000	1
118	0.000	0.979	0.000	1