# Differential preferences fit to each site.
# Regularizing prior: ('invquadratic', 150.0, 0.5)
#
site	dpi_A	dpi_C	dpi_D	dpi_E	dpi_F	dpi_G	dpi_H	dpi_I	dpi_K	dpi_L	dpi_M	dpi_N	dpi_P	dpi_Q	dpi_R	dpi_S	dpi_T	dpi_V	dpi_W	dpi_Y	half_sum_abs_dpi
192	0.2346	0.0006	-0.0015	0.0015	-0.0062	-0.0009	0.0015	-0.0101	-0.0000	-0.0327	0.0038	-0.0016	-0.0238	0.0026	-0.0030	-0.0598	-0.0577	-0.0483	0.0052	-0.0041	0.2497
197	-0.0093	-0.0065	-0.0053	-0.0046	-0.0130	-0.0056	-0.0122	-0.0154	-0.0070	-0.0460	-0.0040	-0.0083	0.2405	-0.0069	-0.0135	-0.0411	-0.0176	-0.0109	-0.0029	-0.0105	0.2405
120	0.0067	0.0047	-0.0202	0.0286	-0.0097	0.0599	0.0467	-0.0165	-0.0215	-0.0190	0.0132	-0.0714	0.0062	0.0444	-0.0058	-0.0589	-0.0103	0.0025	0.0174	0.0028	0.2333
16	-0.0244	-0.0129	0.0183	0.0170	0.0117	-0.0046	0.0137	-0.0570	0.0227	-0.0177	0.0158	0.0145	-0.0015	0.0184	0.0659	-0.0071	-0.1069	0.0117	0.0208	0.0015	0.2320
163	0.0359	0.0126	-0.0445	0.0465	-0.0064	-0.0013	-0.0474	-0.0220	-0.0208	-0.0184	0.0061	-0.0387	-0.0015	0.0415	0.0811	-0.0023	-0.0205	-0.0030	0.0026	0.0003	0.2266
169	-0.0084	-0.0038	-0.0065	-0.0034	-0.0088	-0.0046	0.0014	0.0416	-0.0027	-0.0491	0.0003	-0.0050	-0.0183	0.1769	-0.0077	-0.0783	-0.0055	-0.0067	-0.0051	-0.0064	0.2202
142	-0.0111	-0.0062	0.0123	0.1305	-0.0293	-0.0013	-0.0088	0.0069	-0.0054	-0.0716	-0.0016	0.0104	0.0497	-0.0049	0.0081	-0.0040	-0.0027	-0.0130	-0.0003	-0.0575	0.2178
198	-0.0041	-0.0046	-0.0033	-0.0108	-0.0117	-0.0036	-0.0037	-0.0380	0.1951	-0.0223	-0.0020	-0.0160	-0.0046	-0.0066	-0.0165	-0.0153	-0.0132	-0.0094	-0.0006	-0.0088	0.1951
114	-0.0131	0.0042	0.0018	0.0068	0.0033	0.0695	0.0117	-0.0265	0.0399	0.0340	-0.0321	-0.0061	-0.0083	0.0088	-0.0002	0.0006	-0.1053	-0.0028	0.0137	0.0001	0.1943
110	0.0039	0.0024	0.0059	0.0051	-0.0064	0.0065	0.0377	-0.0341	-0.0521	-0.0004	0.0016	0.0223	-0.0067	0.0498	-0.0329	0.0397	-0.0558	0.0043	0.0081	0.0014	0.1886
119	-0.0073	-0.0016	-0.0030	-0.0028	0.1151	-0.0079	0.0643	-0.0044	-0.0229	-0.0034	-0.0057	-0.0098	-0.0049	-0.0098	-0.0251	-0.0088	-0.0122	-0.0059	-0.0046	-0.0392	0.1794
129	-0.0507	0.0007	0.0100	0.0000	-0.0063	0.0485	-0.0016	0.0015	0.0018	-0.0028	-0.0009	0.0122	-0.0038	-0.0131	0.0043	0.0731	-0.0935	0.0212	-0.0018	0.0012	0.1744
15	-0.0131	-0.0013	-0.0006	0.0004	-0.0013	-0.0013	-0.0013	-0.0013	-0.0029	-0.0054	-0.0013	-0.0013	-0.0038	-0.0013	-0.0060	0.1676	-0.1233	-0.0041	0.0016	0.0000	0.1696
115	-0.0463	0.0058	0.0036	0.0316	-0.0021	0.0061	0.0065	-0.0564	0.0029	-0.0157	0.0081	0.0209	-0.0000	0.0511	0.0012	0.0011	-0.0454	0.0151	0.0102	0.0018	0.1659
10	0.0242	-0.0026	0.0013	-0.0018	-0.0014	-0.0063	-0.0044	-0.0068	-0.0455	-0.0147	-0.0244	-0.0196	-0.0031	0.0470	0.0681	0.0244	-0.0276	-0.0065	-0.0003	0.0000	0.1651
78	-0.0038	-0.0050	-0.0030	-0.0023	-0.0068	-0.0120	-0.0040	-0.0073	-0.0360	-0.0055	-0.0068	-0.0064	-0.0046	-0.0030	0.1643	-0.0292	-0.0144	-0.0092	-0.0052	0.0007	0.1649
160	-0.0015	-0.0181	-0.0014	0.0079	0.0086	-0.0141	-0.0303	-0.0084	0.0414	0.0558	0.0041	0.0433	0.0002	-0.0004	-0.0026	-0.0455	0.0005	-0.0040	0.0007	-0.0363	0.1627
125	-0.0373	-0.0041	-0.0014	0.0066	-0.1020	0.0068	0.0060	0.0018	0.0127	0.0072	0.0114	0.0038	-0.0013	0.0075	0.0665	-0.0026	-0.0097	0.0011	0.0257	0.0012	0.1583
201	-0.0116	-0.0022	-0.0011	-0.0004	-0.0085	-0.0014	-0.0015	-0.0429	-0.0069	-0.0177	-0.0002	-0.0068	-0.0069	-0.0007	-0.0078	-0.0280	0.1556	-0.0065	0.0014	-0.0061	0.1570
39	-0.0027	-0.0096	-0.0056	-0.0016	-0.0174	-0.0024	-0.0309	-0.0101	-0.0035	-0.0157	-0.0010	-0.0129	-0.0031	-0.0018	-0.0054	-0.0176	-0.0055	-0.0066	-0.0001	0.1538	0.1538
113	-0.0438	-0.0009	-0.0012	-0.0012	-0.0012	-0.0136	-0.0003	0.0415	0.0327	-0.0012	-0.0012	0.0043	0.0042	0.0015	0.0397	-0.0868	0.0148	0.0139	-0.0012	-0.0002	0.1527
56	-0.0030	-0.0036	-0.0022	-0.0058	-0.0018	-0.0025	-0.0027	-0.0171	0.1476	-0.0190	-0.0076	-0.0241	-0.0015	-0.0044	-0.0176	-0.0157	-0.0118	-0.0090	0.0009	0.0008	0.1493
141	-0.0130	-0.0056	-0.0113	0.0128	-0.0104	-0.0128	-0.0068	-0.0079	-0.0097	-0.0051	-0.0059	-0.0141	-0.0056	-0.0039	-0.0093	-0.0176	-0.0091	0.1363	-0.0008	0.0002	0.1492
61	0.0027	0.1179	0.0035	0.0054	-0.0113	-0.0109	0.0030	-0.0091	0.0018	-0.0206	0.0049	0.0020	0.0014	0.0049	-0.0154	-0.0483	-0.0022	-0.0040	-0.0102	-0.0155	0.1475
29	-0.0061	-0.0007	-0.0019	-0.0014	-0.0297	-0.0032	-0.0022	-0.0089	-0.0032	-0.0018	-0.0009	-0.0079	-0.0130	-0.0016	-0.0069	0.1469	-0.0514	-0.0061	-0.0001	0.0001	0.1470
111	0.0052	-0.0014	0.0065	0.0042	-0.0217	-0.0014	0.0679	-0.0189	0.0474	-0.0723	-0.0005	0.0017	-0.0014	0.0051	-0.0032	-0.0233	-0.0010	0.0024	0.0053	-0.0005	0.1457
199	-0.0007	-0.0009	0.0003	-0.0010	-0.0477	-0.0001	-0.0023	-0.0167	0.0984	0.0127	0.0078	-0.0043	-0.0037	0.0187	-0.0073	-0.0330	-0.0045	-0.0153	-0.0003	0.0002	0.1380
14	-0.0133	-0.0021	-0.0026	-0.0099	-0.0013	-0.0048	-0.0034	0.0512	-0.0125	-0.0013	-0.0068	-0.0141	-0.0013	-0.0098	-0.0157	-0.0356	0.0145	0.0701	-0.0013	-0.0000	0.1358
35	-0.0028	-0.0012	-0.0012	-0.0012	-0.0242	-0.0012	-0.0012	-0.0203	-0.0012	-0.0614	0.0001	-0.0012	-0.0012	-0.0012	-0.0012	-0.0012	-0.0012	-0.0121	0.0021	0.1331	0.1354
157	-0.0018	-0.0011	0.0148	0.0447	-0.0011	0.0426	-0.0011	-0.0011	0.0171	-0.0011	-0.0011	-0.1186	-0.0011	-0.0011	-0.0011	0.0120	-0.0011	-0.0011	-0.0011	0.0023	0.1336
2	-0.0007	-0.0011	-0.0001	0.0005	-0.0373	-0.0003	-0.0005	0.1305	-0.0019	-0.0226	-0.0033	-0.0092	-0.0011	0.0002	-0.0039	-0.0146	-0.0171	-0.0151	0.0021	-0.0046	0.1334
54	0.0351	-0.0015	-0.0015	0.0070	-0.0019	0.0052	-0.0033	-0.0043	0.0046	-0.0732	0.0077	0.0030	0.0529	0.0064	-0.0010	-0.0212	-0.0235	-0.0019	0.0090	0.0024	0.1333
164	-0.0203	-0.0066	0.0390	-0.0020	-0.0039	0.0266	-0.0024	-0.0036	-0.0042	-0.0029	-0.0050	-0.0070	0.0072	-0.0003	0.0339	0.0242	-0.0642	-0.0078	-0.0011	0.0004	0.1312
173	-0.0090	0.0060	-0.0031	0.0055	-0.0225	-0.0152	0.0050	0.0265	0.0042	0.0507	0.0067	0.0038	-0.0015	0.0067	0.0023	-0.0024	0.0017	-0.0766	0.0097	0.0014	0.1303
168	-0.0076	-0.0011	-0.0014	0.0014	0.0343	-0.0096	-0.0298	-0.0002	0.0029	-0.0011	-0.0058	-0.0066	-0.0003	0.0422	-0.0116	-0.0468	0.0486	-0.0014	-0.0002	-0.0058	0.1295
200	-0.0040	-0.0053	-0.0003	0.0004	-0.0326	-0.0005	-0.0006	-0.0087	-0.0018	-0.0153	0.0009	-0.0028	-0.0134	0.0001	-0.0038	0.1215	-0.0128	-0.0050	0.0017	-0.0177	0.1245
196	-0.0057	-0.0017	-0.0006	-0.0139	-0.0066	0.1148	-0.0015	-0.0015	-0.0020	-0.0193	0.0017	-0.0032	-0.0012	0.0005	-0.0316	-0.0131	-0.0045	-0.0158	0.0021	0.0030	0.1222
5	-0.0012	-0.0167	-0.0002	0.0003	0.0337	-0.0031	-0.0121	-0.0171	-0.0018	-0.0142	-0.0047	-0.0029	-0.0088	-0.0040	0.0177	-0.0197	-0.0040	0.0631	0.0006	-0.0050	0.1155
128	0.0423	-0.0031	0.0012	-0.0016	-0.0046	0.0017	0.0470	-0.0092	-0.0050	-0.0148	-0.0065	-0.0128	-0.0036	-0.0395	0.0181	-0.0081	-0.0019	-0.0048	0.0043	0.0009	0.1155
32	-0.0125	0.0011	-0.0178	0.0026	-0.0304	-0.0045	0.0017	0.0737	0.0006	-0.0350	0.0028	-0.0011	-0.0015	0.0024	-0.0014	-0.0070	-0.0017	0.0259	0.0041	-0.0021	0.1150
190	0.0766	0.0019	0.0032	-0.0017	-0.0057	0.0154	0.0028	-0.0083	0.0012	-0.0164	0.0049	-0.0003	-0.0015	-0.0015	-0.0020	-0.0210	-0.0220	-0.0337	0.0063	0.0019	0.1141
43	-0.0073	-0.0176	0.0008	0.0013	0.0415	0.0006	0.0003	-0.0080	-0.0012	0.0334	0.0019	-0.0027	-0.0189	0.0010	-0.0029	0.0301	-0.0179	-0.0042	0.0030	-0.0332	0.1139
46	-0.0028	0.0046	0.0057	0.0064	-0.0182	0.0054	0.0053	-0.0473	0.0021	-0.0094	0.0069	-0.0115	-0.0014	0.0060	-0.0034	-0.0174	0.0594	0.0005	0.0081	0.0010	0.1114
188	-0.0004	-0.0009	0.0003	0.0010	-0.0110	0.0000	-0.0028	-0.0127	-0.0015	0.1060	0.0005	-0.0027	-0.0163	-0.0094	-0.0163	-0.0129	-0.0039	-0.0201	0.0028	0.0005	0.1111
174	-0.0168	-0.0071	0.0176	0.0737	-0.0099	-0.0006	-0.0032	-0.0015	-0.0078	-0.0208	0.0004	0.0174	-0.0034	-0.0018	-0.0093	-0.0165	-0.0104	-0.0015	0.0018	-0.0003	0.1109
109	0.0389	-0.0045	0.0086	0.0032	-0.0022	-0.0143	-0.0091	-0.0129	0.0116	-0.0162	-0.0034	-0.0390	-0.0014	-0.0038	0.0181	0.0171	0.0087	0.0037	-0.0031	-0.0000	0.1099
37	0.0178	-0.0013	-0.0100	-0.0042	-0.0091	-0.0222	-0.0007	0.0342	-0.0018	-0.0340	-0.0044	-0.0028	-0.0014	-0.0000	-0.0037	-0.0095	-0.0041	0.0556	0.0017	0.0000	0.1094
36	0.0198	-0.0015	-0.0005	0.0008	0.0482	0.0002	0.0006	-0.0164	-0.0022	-0.0333	0.0020	-0.0068	-0.0032	0.0009	-0.0050	-0.0317	0.0311	-0.0076	0.0044	0.0000	0.1082
148	-0.0025	-0.0037	-0.0027	-0.0017	-0.0079	0.0617	-0.0012	-0.0164	-0.0048	-0.0171	0.0006	-0.0056	-0.0029	0.0323	-0.0122	-0.0149	0.0109	-0.0083	0.0018	-0.0055	0.1073
147	-0.0024	-0.0154	-0.0045	0.0008	-0.0082	0.0715	-0.0003	-0.0143	-0.0017	-0.0183	0.0016	-0.0055	-0.0012	0.0005	-0.0111	0.0293	-0.0053	-0.0132	0.0028	-0.0053	0.1066
28	-0.0013	-0.0016	-0.0013	-0.0013	-0.0180	-0.0013	-0.0013	0.1054	-0.0013	-0.0310	-0.0124	-0.0013	-0.0013	-0.0013	-0.0013	-0.0013	-0.0013	-0.0051	-0.0082	-0.0139	0.1054
195	0.0025	0.0873	0.0032	-0.0014	-0.0224	0.0005	-0.0014	-0.0071	0.0014	-0.0142	0.0047	0.0001	0.0020	0.0036	-0.0127	-0.0201	-0.0012	-0.0014	-0.0056	-0.0174	0.1051
154	-0.0690	-0.0019	-0.0175	0.0252	-0.0015	-0.0025	-0.0024	0.0429	0.0000	-0.0069	0.0006	-0.0017	0.0248	0.0014	-0.0004	0.0030	0.0034	0.0020	0.0006	-0.0000	0.1038
55	-0.0114	-0.0119	0.0007	0.0014	-0.0320	0.0004	0.0002	0.0417	-0.0015	-0.0156	0.0018	-0.0070	-0.0065	0.0010	-0.0037	0.0321	0.0214	-0.0050	0.0030	-0.0091	0.1037
7	-0.0059	0.0000	-0.0014	0.0015	-0.0019	0.0011	-0.0096	-0.0014	-0.0008	-0.0033	0.0033	-0.0050	0.0919	0.0007	-0.0104	-0.0423	-0.0201	-0.0014	0.0048	0.0000	0.1034
122	0.0005	-0.0202	-0.0070	0.0014	0.0004	0.0009	-0.0019	0.0147	0.0089	-0.0198	-0.0005	-0.0061	-0.0015	0.0006	-0.0030	-0.0177	-0.0028	-0.0209	0.0018	0.0720	0.1013
19	-0.0117	-0.0011	0.0210	0.0005	-0.0002	-0.0012	0.0079	-0.0012	-0.0012	-0.0012	-0.0002	-0.0790	0.0477	-0.0002	-0.0012	0.0226	-0.0012	-0.0012	0.0012	0.0000	0.1009
59	-0.0070	-0.0002	0.0915	-0.0017	-0.0116	-0.0088	-0.0022	-0.0014	-0.0007	-0.0039	0.0028	-0.0183	-0.0014	0.0019	-0.0035	-0.0113	-0.0034	-0.0020	0.0041	-0.0227	0.1003
116	-0.0227	0.0048	-0.0007	0.0018	-0.0073	0.0231	0.0013	-0.0183	-0.0002	-0.0165	0.0032	-0.0022	-0.0011	0.0021	-0.0057	0.0590	-0.0109	-0.0098	0.0044	-0.0043	0.0997
62	0.0028	-0.0016	-0.0014	-0.0014	0.0806	-0.0027	0.0031	-0.0127	-0.0014	-0.0431	0.0049	-0.0031	0.0023	-0.0022	-0.0014	-0.0160	-0.0006	-0.0049	0.0060	-0.0071	0.0997
64	0.0020	-0.0047	-0.0044	0.0032	-0.0043	-0.0093	0.0007	-0.0215	-0.0078	-0.0122	0.0038	0.0118	0.0015	0.0029	-0.0222	0.0684	-0.0045	-0.0024	0.0049	-0.0059	0.0992
156	-0.0024	-0.0008	0.0001	-0.0000	-0.0085	0.0644	-0.0068	-0.0185	-0.0023	-0.0096	0.0003	-0.0035	0.0316	-0.0048	-0.0077	-0.0154	-0.0048	-0.0070	0.0013	-0.0055	0.0977
170	-0.0071	-0.0014	-0.0013	-0.0051	-0.0133	-0.0068	-0.0103	-0.0013	-0.0166	-0.0019	-0.0038	0.0602	-0.0077	-0.0024	-0.0080	0.0368	-0.0083	-0.0013	-0.0005	0.0003	0.0973
153	-0.0000	-0.0004	0.0011	0.0014	-0.0113	0.0004	-0.0029	0.0353	-0.0015	-0.0437	0.0013	-0.0022	-0.0115	0.0299	-0.0057	-0.0098	-0.0038	0.0245	0.0031	-0.0042	0.0970
87	-0.0101	-0.0010	0.0040	0.0193	-0.0207	-0.0064	-0.0004	-0.0153	0.0520	-0.0176	0.0110	-0.0026	-0.0010	-0.0003	-0.0041	-0.0085	-0.0037	0.0073	0.0019	-0.0041	0.0955
194	-0.0125	-0.0013	-0.0096	-0.0013	-0.0013	-0.0058	-0.0011	-0.0288	-0.0013	-0.0219	-0.0013	-0.0013	-0.0017	-0.0004	-0.0036	-0.0013	-0.0013	0.0942	0.0013	0.0000	0.0955
152	-0.0225	-0.0039	-0.0024	0.0015	-0.0096	0.0133	-0.0003	-0.0039	-0.0014	-0.0058	0.0017	-0.0025	0.0588	0.0004	-0.0063	0.0166	-0.0331	-0.0038	0.0030	0.0002	0.0955
58	-0.0030	-0.0030	-0.0024	-0.0017	-0.0021	-0.0029	-0.0039	0.0780	-0.0074	-0.0067	-0.0057	0.0172	-0.0013	-0.0003	-0.0066	-0.0169	-0.0193	-0.0106	-0.0017	0.0000	0.0953
171	-0.0490	-0.0024	0.0064	-0.0033	-0.0068	-0.0021	-0.0015	0.0331	-0.0013	-0.0014	-0.0003	0.0155	-0.0014	-0.0002	-0.0014	0.0183	0.0201	-0.0191	0.0018	-0.0049	0.0953
126	-0.0013	-0.0055	-0.0013	-0.0013	-0.0211	-0.0013	-0.0055	-0.0053	-0.0029	-0.0299	-0.0113	-0.0013	0.0000	-0.0013	-0.0013	0.0627	-0.0013	0.0316	-0.0026	-0.0001	0.0943
166	-0.0086	-0.0038	0.0942	-0.0012	-0.0012	-0.0206	-0.0026	-0.0027	-0.0016	-0.0014	-0.0018	-0.0122	-0.0012	-0.0021	-0.0018	-0.0120	-0.0032	-0.0142	-0.0018	-0.0000	0.0942
175	-0.0012	-0.0012	-0.0012	-0.0012	-0.0096	-0.0012	0.0936	-0.0012	-0.0012	-0.0012	-0.0012	-0.0012	-0.0012	-0.0012	-0.0012	-0.0012	-0.0012	-0.0012	-0.0152	-0.0496	0.0936
9	-0.0029	-0.0015	0.0021	-0.0019	-0.0070	0.0239	0.0297	-0.0057	-0.0004	-0.0093	0.0036	0.0251	0.0003	0.0024	-0.0252	-0.0142	-0.0031	-0.0104	0.0043	-0.0099	0.0915
26	0.0101	-0.0030	-0.0022	-0.0078	-0.0014	-0.0014	-0.0024	-0.0285	0.0022	0.0441	0.0209	-0.0033	-0.0014	-0.0038	-0.0079	-0.0189	-0.0078	0.0127	-0.0001	-0.0000	0.0900
33	0.0528	0.0036	-0.0014	-0.0014	-0.0060	0.0010	0.0048	-0.0053	0.0029	-0.0195	0.0075	-0.0014	-0.0016	0.0060	-0.0014	-0.0068	-0.0068	-0.0374	0.0090	0.0014	0.0889
187	0.0010	0.0006	0.0016	0.0022	-0.0099	0.0014	-0.0196	-0.0146	0.0003	0.0724	0.0022	-0.0006	-0.0119	0.0012	-0.0075	-0.0085	-0.0017	-0.0142	0.0029	0.0028	0.0885
53	-0.0059	-0.0101	0.0038	0.0019	-0.0015	-0.0016	-0.0009	-0.0079	-0.0018	-0.0165	-0.0004	-0.0005	-0.0212	0.0006	-0.0045	0.0818	-0.0109	-0.0045	0.0001	0.0001	0.0883
140	-0.0045	-0.0019	-0.0030	0.0009	-0.0049	0.0008	-0.0016	-0.0243	-0.0052	-0.0256	0.0020	0.0456	-0.0027	0.0006	-0.0034	0.0331	-0.0050	-0.0045	0.0025	0.0012	0.0868
149	-0.0030	-0.0008	0.0006	0.0013	-0.0094	0.0004	-0.0027	-0.0138	-0.0021	-0.0361	0.0002	-0.0027	0.0040	0.0009	-0.0059	0.0249	0.0512	-0.0051	0.0032	-0.0049	0.0867
84	0.0073	-0.0027	-0.0014	0.0301	-0.0014	-0.0019	-0.0023	-0.0066	-0.0229	-0.0019	0.0021	-0.0014	-0.0014	0.0462	-0.0159	-0.0096	-0.0039	-0.0128	0.0003	0.0001	0.0861
30	-0.0031	-0.0033	-0.0051	0.0543	-0.0122	-0.0035	-0.0044	-0.0014	-0.0155	-0.0039	0.0003	0.0285	-0.0014	-0.0011	-0.0072	-0.0193	-0.0024	-0.0014	0.0019	0.0000	0.0850
4	-0.0004	-0.0008	-0.0069	0.0011	-0.0034	0.0002	0.0002	-0.0100	-0.0086	-0.0084	0.0020	0.0428	-0.0012	0.0339	-0.0050	-0.0256	-0.0083	-0.0062	0.0037	0.0009	0.0849
159	-0.0012	-0.0011	0.0183	-0.0007	-0.0023	0.0465	-0.0250	-0.0012	-0.0012	-0.0010	-0.0012	-0.0011	-0.0012	-0.0012	-0.0012	-0.0011	-0.0012	0.0200	-0.0197	-0.0234	0.0847
178	-0.0133	-0.0068	-0.0011	-0.0013	-0.0005	-0.0013	-0.0149	-0.0013	-0.0013	-0.0013	-0.0085	0.0163	-0.0013	-0.0025	-0.0013	0.0156	0.0528	-0.0084	-0.0080	-0.0117	0.0847
83	0.0629	-0.0061	-0.0017	-0.0021	-0.0088	0.0210	-0.0013	-0.0014	-0.0026	-0.0186	0.0006	-0.0040	-0.0014	-0.0004	-0.0126	-0.0126	-0.0018	-0.0014	-0.0014	-0.0061	0.0844
42	0.0292	-0.0023	-0.0032	-0.0015	-0.0136	-0.0028	-0.0031	-0.0072	-0.0043	-0.0080	-0.0015	-0.0034	-0.0125	-0.0013	-0.0074	0.0309	0.0242	-0.0121	-0.0003	0.0000	0.0843
189	0.0016	0.0009	-0.0011	0.0029	-0.0073	0.0019	0.0374	-0.0068	-0.0014	-0.0148	0.0035	0.0275	0.0011	0.0026	-0.0022	-0.0151	-0.0058	-0.0037	0.0048	-0.0261	0.0843
138	-0.0011	-0.0015	-0.0007	-0.0004	0.0055	-0.0006	-0.0047	-0.0156	-0.0022	0.0766	-0.0033	-0.0066	-0.0054	-0.0019	-0.0071	-0.0149	-0.0072	-0.0098	0.0006	0.0001	0.0828
48	0.0004	-0.0001	0.0008	-0.0038	-0.0014	-0.0014	-0.0005	-0.0160	0.0149	-0.0169	-0.0064	0.0328	-0.0014	0.0283	-0.0063	-0.0106	-0.0116	-0.0046	0.0037	0.0001	0.0810
130	0.0012	0.0008	0.0007	-0.0116	-0.0052	0.0016	0.0012	-0.0105	0.0400	-0.0134	-0.0069	0.0305	0.0008	-0.0026	-0.0080	-0.0089	-0.0065	-0.0033	0.0042	-0.0039	0.0808
97	-0.0013	0.0022	0.0599	-0.0045	-0.0034	-0.0144	-0.0014	-0.0055	0.0014	-0.0117	0.0043	-0.0112	0.0020	0.0034	-0.0006	-0.0063	-0.0006	-0.0191	0.0055	0.0010	0.0798
185	-0.0012	-0.0012	-0.0012	-0.0012	-0.0011	-0.0012	-0.0012	-0.0098	-0.0012	-0.0517	0.0015	-0.0012	-0.0012	-0.0012	-0.0012	-0.0012	-0.0012	-0.0017	0.0023	0.0760	0.0797
117	-0.0132	-0.0015	0.0196	-0.0026	-0.0022	-0.0253	-0.0011	-0.0035	-0.0036	-0.0036	-0.0037	0.0439	-0.0014	-0.0030	-0.0032	0.0162	-0.0060	-0.0039	-0.0018	-0.0001	0.0797
27	0.0020	-0.0059	0.0026	0.0003	-0.0019	-0.0015	0.0006	-0.0130	0.0453	-0.0203	0.0023	-0.0045	-0.0008	0.0009	0.0191	-0.0240	-0.0048	-0.0027	0.0049	0.0012	0.0793
158	-0.0011	-0.0630	0.0073	-0.0011	-0.0011	0.0331	-0.0011	-0.0011	-0.0011	-0.0011	-0.0011	0.0306	-0.0011	-0.0011	-0.0011	0.0069	-0.0011	-0.0011	-0.0011	-0.0001	0.0779
85	-0.0125	-0.0022	0.0019	0.0027	-0.0029	0.0016	0.0009	-0.0148	-0.0012	-0.0024	0.0033	-0.0096	-0.0036	0.0022	-0.0034	-0.0207	0.0598	-0.0044	0.0048	0.0004	0.0778
155	0.0313	-0.0097	-0.0077	0.0063	-0.0022	-0.0020	-0.0015	-0.0024	-0.0046	-0.0041	-0.0010	-0.0059	-0.0048	0.0272	0.0111	-0.0193	-0.0080	-0.0030	0.0002	0.0001	0.0761
132	-0.0007	-0.0010	-0.0001	-0.0045	-0.0075	-0.0009	-0.0004	-0.0084	0.0126	-0.0169	-0.0014	0.0377	-0.0018	-0.0030	0.0244	-0.0118	-0.0100	-0.0054	-0.0015	0.0007	0.0753
40	-0.0004	-0.0015	-0.0067	0.0011	-0.0030	-0.0002	-0.0035	-0.0014	-0.0086	-0.0104	0.0020	0.0671	-0.0009	0.0008	-0.0043	-0.0202	-0.0123	-0.0014	0.0034	0.0004	0.0749
108	-0.0177	-0.0020	-0.0012	-0.0028	-0.0012	-0.0088	-0.0012	0.0439	-0.0012	-0.0012	-0.0012	-0.0012	-0.0012	-0.0012	-0.0012	-0.0276	0.0298	-0.0015	-0.0012	-0.0000	0.0736
172	0.0217	-0.0010	0.0001	-0.0006	-0.0011	-0.0598	-0.0010	-0.0011	-0.0009	-0.0011	-0.0005	-0.0011	0.0295	-0.0011	0.0215	-0.0011	-0.0011	-0.0011	-0.0004	-0.0001	0.0728
1	0.0025	-0.0022	-0.0062	0.0041	-0.0050	0.0030	-0.0034	-0.0096	-0.0059	-0.0136	0.0049	0.0456	0.0020	0.0038	-0.0012	-0.0174	-0.0052	-0.0028	0.0062	0.0005	0.0725
151	-0.0042	-0.0016	-0.0008	0.0011	-0.0118	-0.0000	-0.0008	-0.0059	-0.0032	-0.0236	0.0018	0.0220	-0.0031	0.0007	-0.0039	0.0422	-0.0080	-0.0052	0.0030	0.0016	0.0722
191	-0.0014	-0.0028	0.0011	-0.0014	-0.0081	0.0000	-0.0049	-0.0023	-0.0032	-0.0014	-0.0014	0.0075	0.0606	-0.0025	-0.0060	-0.0190	-0.0079	-0.0066	-0.0006	0.0001	0.0693
98	-0.0111	-0.0013	0.0222	0.0404	-0.0013	-0.0115	-0.0052	-0.0021	-0.0018	-0.0026	0.0021	-0.0064	-0.0008	0.0008	-0.0040	-0.0114	-0.0041	-0.0053	0.0034	0.0001	0.0690
24	-0.0078	-0.0013	-0.0035	0.0019	-0.0013	-0.0028	-0.0047	-0.0013	-0.0078	-0.0013	0.0010	0.0488	-0.0013	0.0142	-0.0064	-0.0168	-0.0074	-0.0049	0.0029	0.0000	0.0688
71	-0.0011	-0.0014	-0.0011	-0.0011	-0.0005	-0.0011	-0.0011	-0.0253	-0.0011	0.0687	-0.0011	-0.0011	-0.0011	-0.0011	-0.0011	-0.0011	-0.0104	-0.0162	-0.0011	-0.0000	0.0687
63	-0.0049	-0.0023	0.0017	0.0024	-0.0015	-0.0002	0.0013	-0.0240	-0.0020	-0.0133	0.0016	-0.0050	-0.0015	0.0020	-0.0063	0.0450	0.0101	-0.0033	0.0040	-0.0040	0.0682
100	-0.0038	0.0001	-0.0014	-0.0014	-0.0044	-0.0014	0.0006	0.0078	-0.0067	0.0192	-0.0288	-0.0044	-0.0014	0.0012	-0.0050	-0.0031	0.0364	-0.0034	0.0024	-0.0025	0.0677
3	-0.0082	0.0008	0.0016	0.0024	-0.0073	0.0015	0.0013	-0.0045	-0.0048	-0.0133	0.0030	-0.0013	-0.0032	0.0021	-0.0077	-0.0132	0.0487	-0.0033	0.0042	0.0012	0.0668
161	-0.0041	-0.0010	-0.0009	-0.0008	-0.0011	-0.0009	-0.0010	-0.0011	-0.0011	-0.0011	-0.0008	-0.0012	-0.0410	-0.0011	-0.0011	-0.0049	0.0649	-0.0011	-0.0006	-0.0000	0.0649
135	-0.0110	-0.0023	-0.0135	0.0050	-0.0012	0.0599	-0.0059	-0.0012	-0.0012	-0.0012	-0.0026	-0.0039	-0.0012	-0.0047	-0.0012	-0.0020	-0.0089	-0.0012	-0.0012	0.0000	0.0648
60	0.0019	0.0015	0.0024	0.0029	-0.0219	0.0022	-0.0005	-0.0114	0.0011	0.0459	0.0022	0.0002	-0.0015	0.0018	-0.0047	-0.0142	-0.0007	-0.0079	0.0020	-0.0013	0.0641
186	-0.0018	0.0005	-0.0055	0.0480	-0.0013	-0.0048	0.0017	-0.0013	-0.0205	-0.0013	0.0045	-0.0024	0.0005	0.0018	-0.0041	-0.0149	-0.0042	-0.0013	0.0064	0.0002	0.0636
74	-0.0032	0.0104	-0.0008	-0.0007	0.0467	-0.0359	-0.0012	-0.0012	-0.0018	-0.0012	-0.0006	-0.0009	-0.0012	-0.0018	-0.0012	-0.0093	-0.0012	0.0056	-0.0006	-0.0001	0.0627
41	-0.0016	0.0005	0.0030	0.0037	-0.0140	0.0028	0.0027	-0.0057	0.0015	-0.0206	0.0043	0.0004	-0.0074	0.0034	-0.0006	0.0333	-0.0052	-0.0019	0.0052	-0.0039	0.0608
193	-0.0013	-0.0013	0.0048	0.0054	-0.0012	0.0046	0.0044	-0.0428	-0.0013	-0.0013	-0.0013	0.0017	-0.0036	0.0051	-0.0029	-0.0026	0.0257	0.0004	0.0068	0.0008	0.0597
75	0.0204	-0.0001	0.0102	0.0004	-0.0132	-0.0026	-0.0011	-0.0084	0.0007	-0.0146	0.0034	-0.0049	-0.0014	0.0024	-0.0019	0.0165	-0.0060	-0.0051	0.0046	0.0006	0.0592
104	-0.0013	-0.0031	-0.0013	-0.0013	-0.0073	-0.0013	-0.0013	-0.0094	-0.0013	0.0588	-0.0062	-0.0013	-0.0013	-0.0013	-0.0013	-0.0013	-0.0013	-0.0114	-0.0008	-0.0050	0.0588
66	0.0026	-0.0072	-0.0024	0.0037	-0.0081	0.0030	-0.0127	-0.0043	0.0019	-0.0093	0.0042	-0.0039	0.0023	0.0035	-0.0014	-0.0080	0.0000	-0.0010	0.0051	0.0320	0.0583
44	0.0024	-0.0016	0.0030	0.0038	0.0247	0.0028	0.0026	-0.0140	0.0014	-0.0162	0.0044	0.0001	0.0019	0.0034	-0.0010	-0.0050	-0.0010	-0.0122	0.0056	-0.0050	0.0559
146	0.0039	-0.0013	0.0487	0.0029	-0.0041	-0.0052	-0.0040	-0.0013	-0.0013	-0.0013	-0.0013	-0.0091	-0.0012	-0.0030	-0.0047	-0.0046	-0.0107	-0.0013	-0.0011	-0.0000	0.0555
73	-0.0018	-0.0020	-0.0013	-0.0013	-0.0013	-0.0013	-0.0013	-0.0011	-0.0035	-0.0029	0.0002	-0.0023	-0.0050	-0.0018	0.0045	-0.0218	0.0463	-0.0013	-0.0013	0.0000	0.0510
31	0.0033	0.0143	0.0042	0.0052	-0.0133	-0.0006	0.0037	-0.0083	0.0020	-0.0075	0.0060	0.0004	0.0026	0.0047	-0.0046	-0.0119	-0.0011	-0.0029	0.0039	0.0000	0.0503
184	-0.0066	-0.0028	0.0005	0.0010	-0.0055	0.0001	-0.0001	-0.0074	-0.0009	-0.0098	0.0015	-0.0019	-0.0014	0.0007	-0.0028	0.0431	-0.0063	-0.0043	0.0023	0.0006	0.0499
69	-0.0018	-0.0012	-0.0012	-0.0012	-0.0008	-0.0012	-0.0012	-0.0012	-0.0012	-0.0012	-0.0030	-0.0012	-0.0012	-0.0012	-0.0012	-0.0268	0.0083	-0.0012	-0.0012	0.0403	0.0486
47	0.0028	-0.0023	0.0032	0.0037	0.0105	0.0031	0.0029	-0.0069	0.0021	-0.0330	0.0042	0.0012	0.0024	0.0035	0.0004	-0.0013	0.0004	-0.0020	0.0050	0.0001	0.0455
65	-0.0049	0.0022	-0.0013	-0.0013	-0.0051	-0.0016	-0.0013	-0.0052	-0.0013	-0.0135	-0.0022	-0.0013	-0.0013	-0.0013	-0.0013	-0.0013	0.0002	0.0371	0.0047	0.0000	0.0443
123	0.0013	-0.0062	-0.0013	0.0023	-0.0075	0.0016	-0.0096	-0.0013	0.0005	-0.0020	0.0028	-0.0013	0.0009	0.0021	-0.0013	-0.0094	-0.0013	-0.0024	0.0037	0.0285	0.0437
118	0.0022	0.0017	0.0013	0.0038	-0.0056	0.0027	0.0014	-0.0028	-0.0065	-0.0044	0.0046	0.0146	0.0017	0.0035	-0.0016	-0.0123	-0.0027	-0.0032	0.0059	-0.0044	0.0436
90	-0.0021	0.0016	0.0254	-0.0020	-0.0024	-0.0014	-0.0021	-0.0014	0.0009	-0.0057	0.0050	-0.0079	-0.0014	0.0037	-0.0023	-0.0111	-0.0024	-0.0014	0.0066	0.0001	0.0434
22	0.0276	0.0007	0.0002	0.0005	-0.0059	-0.0061	0.0015	-0.0014	0.0000	-0.0035	0.0036	-0.0014	-0.0014	0.0025	-0.0026	-0.0150	-0.0036	-0.0014	0.0049	0.0008	0.0424
18	0.0279	-0.0006	0.0008	-0.0001	-0.0021	-0.0004	-0.0028	-0.0013	-0.0012	-0.0013	0.0024	-0.0027	0.0057	0.0007	-0.0015	-0.0244	-0.0019	-0.0013	0.0038	0.0002	0.0416
8	0.0007	-0.0013	0.0011	0.0015	0.0290	0.0009	0.0008	-0.0105	0.0001	-0.0139	0.0018	-0.0013	0.0004	0.0013	-0.0013	-0.0013	-0.0013	-0.0014	0.0025	-0.0080	0.0401
91	0.0025	-0.0043	-0.0012	0.0034	-0.0040	0.0027	-0.0092	-0.0036	0.0018	-0.0079	0.0038	-0.0077	0.0021	0.0032	0.0002	-0.0012	0.0001	-0.0008	0.0046	0.0154	0.0398
23	-0.0002	-0.0011	0.0024	0.0051	-0.0266	-0.0011	0.0008	-0.0011	-0.0011	-0.0011	0.0075	-0.0011	-0.0011	0.0038	-0.0011	-0.0011	-0.0011	-0.0011	0.0192	0.0001	0.0389
144	-0.0001	-0.0051	-0.0005	0.0024	-0.0014	0.0002	-0.0081	-0.0019	-0.0028	-0.0013	0.0013	0.0136	-0.0030	0.0108	-0.0059	0.0086	-0.0005	-0.0080	0.0018	0.0001	0.0387
134	0.0018	-0.0017	0.0011	0.0030	0.0064	0.0022	0.0008	-0.0013	0.0009	-0.0157	0.0036	-0.0015	0.0014	0.0027	-0.0012	-0.0141	-0.0012	-0.0013	0.0046	0.0094	0.0379
52	-0.0021	0.0006	-0.0013	-0.0002	-0.0063	-0.0013	0.0011	-0.0094	0.0003	-0.0112	0.0010	-0.0005	0.0006	0.0016	-0.0011	-0.0013	-0.0012	0.0276	0.0028	0.0003	0.0359
89	0.0108	0.0018	-0.0012	0.0039	-0.0012	-0.0012	0.0028	-0.0012	0.0011	-0.0012	0.0051	-0.0005	-0.0003	0.0038	-0.0012	-0.0140	-0.0115	-0.0025	0.0065	0.0000	0.0358
121	0.0008	-0.0044	-0.0013	0.0016	0.0170	0.0010	-0.0034	-0.0069	0.0002	-0.0100	0.0020	-0.0014	0.0005	0.0014	-0.0013	-0.0023	-0.0013	-0.0023	0.0027	0.0074	0.0347
67	0.0200	0.0015	-0.0012	-0.0012	-0.0020	-0.0012	0.0020	-0.0040	0.0011	-0.0082	0.0031	0.0003	-0.0012	0.0025	-0.0004	-0.0012	-0.0017	-0.0118	0.0038	0.0000	0.0343
143	0.0006	-0.0010	-0.0013	0.0017	0.0238	0.0009	-0.0005	-0.0049	-0.0003	-0.0141	0.0022	-0.0013	0.0002	0.0014	-0.0013	-0.0012	-0.0013	-0.0044	0.0031	-0.0023	0.0338
79	0.0010	0.0002	0.0022	0.0027	-0.0012	0.0018	-0.0072	-0.0012	-0.0078	-0.0015	0.0046	-0.0030	-0.0012	0.0138	-0.0015	-0.0058	-0.0012	-0.0012	0.0066	0.0000	0.0328
51	-0.0013	-0.0013	-0.0013	-0.0013	-0.0013	0.0225	0.0009	-0.0013	-0.0005	-0.0013	0.0029	-0.0016	0.0001	0.0018	-0.0085	-0.0106	-0.0013	-0.0013	0.0042	0.0000	0.0325
81	0.0119	0.0011	0.0021	0.0001	-0.0012	0.0001	0.0021	-0.0012	0.0003	-0.0012	0.0046	-0.0012	-0.0012	0.0031	-0.0030	-0.0170	-0.0025	-0.0030	0.0062	0.0000	0.0317
45	-0.0023	-0.0057	0.0014	0.0020	-0.0014	0.0013	0.0011	-0.0014	-0.0003	-0.0014	0.0028	-0.0012	-0.0048	0.0018	-0.0040	0.0212	-0.0065	-0.0014	-0.0014	0.0002	0.0317
12	0.0020	-0.0011	0.0024	0.0028	0.0063	0.0023	0.0022	-0.0063	0.0014	-0.0190	0.0032	0.0007	0.0017	0.0026	0.0000	-0.0011	-0.0000	-0.0039	0.0039	0.0000	0.0315
105	0.0125	0.0013	-0.0012	0.0029	-0.0012	-0.0026	0.0021	-0.0012	0.0008	-0.0012	0.0039	-0.0005	-0.0012	0.0029	-0.0012	-0.0107	-0.0091	-0.0015	0.0050	0.0000	0.0314
94	-0.0040	-0.0024	-0.0012	-0.0012	-0.0012	-0.0012	-0.0038	-0.0012	-0.0022	-0.0012	-0.0012	-0.0030	-0.0012	-0.0012	0.0304	-0.0012	-0.0012	-0.0012	-0.0012	0.0000	0.0304
6	0.0017	0.0087	0.0026	0.0035	-0.0095	0.0002	0.0020	-0.0022	0.0004	-0.0023	0.0043	-0.0012	0.0011	0.0031	-0.0012	-0.0067	-0.0028	-0.0042	0.0025	0.0000	0.0300
133	0.0002	0.0008	0.0023	0.0033	-0.0020	0.0020	-0.0012	-0.0015	0.0000	-0.0012	0.0042	-0.0012	0.0098	0.0016	-0.0012	-0.0176	-0.0012	-0.0028	0.0057	0.0000	0.0300
145	-0.0024	-0.0010	-0.0009	-0.0010	-0.0016	-0.0024	-0.0014	-0.0022	-0.0008	-0.0025	-0.0011	-0.0009	0.0298	-0.0008	-0.0027	-0.0017	-0.0028	-0.0032	-0.0003	-0.0000	0.0298
176	0.0009	0.0001	0.0019	-0.0012	-0.0012	0.0016	-0.0074	-0.0012	-0.0033	-0.0033	0.0040	-0.0027	-0.0012	0.0136	-0.0018	-0.0022	-0.0012	-0.0012	0.0058	0.0000	0.0280
11	-0.0012	0.0008	-0.0012	0.0006	-0.0068	-0.0012	0.0012	-0.0014	0.0005	-0.0108	0.0005	-0.0003	0.0008	0.0016	-0.0007	-0.0012	-0.0010	0.0169	0.0027	0.0000	0.0257
77	-0.0012	0.0008	-0.0012	-0.0012	-0.0012	-0.0012	0.0012	-0.0086	0.0006	-0.0083	0.0010	-0.0000	0.0008	0.0016	-0.0006	-0.0012	-0.0006	0.0168	0.0026	0.0000	0.0254
34	-0.0021	0.0005	0.0098	-0.0033	-0.0011	-0.0019	-0.0011	-0.0011	-0.0004	-0.0011	0.0047	-0.0060	0.0005	0.0031	-0.0021	-0.0025	-0.0011	-0.0011	0.0066	0.0000	0.0251
72	-0.0012	0.0013	-0.0012	0.0003	-0.0012	-0.0012	0.0018	0.0129	-0.0012	-0.0123	-0.0012	-0.0012	0.0013	0.0022	-0.0012	-0.0012	-0.0012	0.0009	0.0034	0.0000	0.0242
21	0.0014	-0.0012	-0.0012	0.0026	-0.0093	0.0018	-0.0018	-0.0012	0.0006	-0.0012	0.0031	-0.0012	0.0010	0.0023	-0.0012	-0.0017	-0.0015	-0.0026	0.0041	0.0072	0.0240
107	0.0012	0.0007	-0.0020	0.0026	-0.0012	0.0016	-0.0012	-0.0012	-0.0085	-0.0012	0.0032	0.0065	0.0007	0.0022	-0.0022	-0.0034	-0.0012	-0.0012	0.0043	0.0000	0.0230
106	-0.0011	-0.0011	-0.0011	0.0016	-0.0073	-0.0011	-0.0011	-0.0011	-0.0011	-0.0011	0.0042	-0.0011	-0.0011	0.0002	-0.0011	-0.0011	-0.0011	-0.0011	0.0163	0.0000	0.0223
139	-0.0042	-0.0049	0.0004	0.0008	-0.0014	0.0003	-0.0001	-0.0014	-0.0011	-0.0014	0.0012	-0.0019	-0.0014	0.0005	-0.0028	0.0051	0.0117	-0.0014	0.0018	0.0000	0.0218
181	-0.0011	0.0014	-0.0011	0.0005	-0.0011	-0.0011	0.0020	-0.0137	0.0011	-0.0011	0.0029	0.0002	0.0014	0.0026	-0.0006	-0.0011	-0.0007	0.0053	0.0041	0.0000	0.0214
136	0.0013	-0.0025	0.0019	0.0025	-0.0012	-0.0012	-0.0001	-0.0033	-0.0020	-0.0033	0.0020	-0.0007	-0.0009	0.0016	0.0093	-0.0033	-0.0012	-0.0012	0.0025	0.0000	0.0210
96	-0.0032	0.0000	0.0016	0.0026	-0.0011	0.0013	-0.0011	-0.0011	-0.0007	-0.0011	0.0034	-0.0024	0.0071	-0.0011	-0.0011	-0.0060	-0.0011	-0.0011	0.0050	0.0000	0.0210
112	-0.0011	-0.0004	0.0086	-0.0050	-0.0011	-0.0011	-0.0011	-0.0011	-0.0011	-0.0011	0.0040	-0.0011	-0.0004	0.0023	-0.0011	-0.0011	-0.0032	-0.0011	0.0060	0.0000	0.0209
50	0.0008	-0.0012	-0.0012	0.0020	-0.0088	0.0012	-0.0012	-0.0012	-0.0002	-0.0012	0.0026	-0.0012	0.0003	0.0017	-0.0012	-0.0012	-0.0012	-0.0012	0.0037	0.0085	0.0208
38	0.0003	-0.0013	0.0006	0.0009	0.0110	0.0005	-0.0013	-0.0057	-0.0001	0.0033	0.0012	-0.0007	-0.0013	-0.0002	-0.0013	-0.0013	-0.0012	-0.0054	0.0017	0.0001	0.0197
103	-0.0011	0.0011	-0.0011	0.0006	-0.0011	-0.0011	0.0016	-0.0106	0.0007	-0.0011	0.0025	-0.0002	0.0011	0.0022	-0.0009	-0.0011	-0.0010	0.0058	0.0037	0.0000	0.0193
57	0.0017	0.0015	0.0020	0.0022	-0.0087	0.0019	0.0004	-0.0022	0.0013	0.0046	0.0002	0.0009	-0.0012	0.0005	-0.0012	-0.0012	0.0004	-0.0046	0.0014	0.0000	0.0191
183	0.0013	0.0011	0.0016	0.0018	-0.0070	0.0015	-0.0011	-0.0040	0.0009	0.0043	0.0019	0.0005	-0.0011	0.0014	-0.0011	-0.0011	0.0001	-0.0032	0.0024	0.0000	0.0188
162	0.0013	0.0011	0.0015	0.0018	-0.0072	0.0014	-0.0012	-0.0038	0.0009	0.0055	0.0017	0.0004	-0.0012	0.0007	-0.0012	-0.0012	-0.0000	-0.0028	0.0024	0.0000	0.0186
180	-0.0011	0.0014	-0.0011	-0.0004	-0.0011	-0.0011	0.0019	-0.0090	0.0010	-0.0011	-0.0011	0.0001	0.0014	0.0025	-0.0007	-0.0011	-0.0007	0.0062	0.0040	0.0000	0.0184
182	-0.0011	0.0013	0.0008	-0.0011	-0.0011	-0.0011	0.0018	-0.0088	0.0009	-0.0011	-0.0011	0.0000	0.0013	0.0023	-0.0007	-0.0011	-0.0008	0.0058	0.0038	0.0000	0.0180
68	-0.0011	-0.0010	0.0079	-0.0011	-0.0011	-0.0011	-0.0024	-0.0011	-0.0011	-0.0011	0.0031	-0.0011	-0.0010	0.0015	-0.0011	-0.0011	-0.0011	-0.0011	0.0050	0.0000	0.0175
127	0.0010	-0.0011	0.0016	0.0023	-0.0011	-0.0011	-0.0011	-0.0011	-0.0036	-0.0011	0.0027	-0.0011	-0.0011	0.0008	0.0052	-0.0025	-0.0011	-0.0011	0.0032	0.0000	0.0169
165	0.0008	-0.0011	-0.0011	0.0019	-0.0019	0.0012	-0.0045	-0.0011	0.0001	-0.0011	0.0024	-0.0011	0.0005	0.0017	-0.0011	-0.0011	-0.0011	-0.0011	0.0033	0.0047	0.0165
80	-0.0011	0.0013	-0.0011	-0.0011	-0.0011	-0.0011	0.0016	0.0037	-0.0011	-0.0051	-0.0011	0.0002	0.0013	0.0019	-0.0011	-0.0011	-0.0011	0.0036	0.0026	0.0000	0.0162
137	-0.0011	-0.0011	0.0073	-0.0011	-0.0011	-0.0011	-0.0011	-0.0011	-0.0011	-0.0011	0.0028	-0.0011	-0.0011	0.0012	-0.0011	-0.0011	-0.0011	-0.0011	0.0046	0.0000	0.0159
86	-0.0012	-0.0011	-0.0011	0.0007	-0.0012	0.0068	-0.0001	-0.0017	-0.0011	-0.0012	0.0025	-0.0011	-0.0011	0.0011	-0.0011	-0.0011	-0.0011	-0.0011	0.0041	0.0000	0.0152
13	0.0003	-0.0002	-0.0026	0.0017	-0.0011	0.0007	-0.0031	-0.0011	-0.0011	-0.0011	0.0023	0.0051	-0.0002	0.0013	-0.0011	-0.0011	-0.0011	-0.0011	0.0035	0.0000	0.0149
17	-0.0005	-0.0012	0.0002	0.0010	0.0082	-0.0001	-0.0003	-0.0012	-0.0012	-0.0012	0.0017	-0.0030	-0.0011	0.0006	-0.0012	-0.0012	-0.0012	-0.0012	0.0029	0.0000	0.0146
20	-0.0051	0.0007	-0.0011	0.0012	-0.0011	-0.0011	0.0012	-0.0012	0.0003	-0.0011	0.0010	-0.0005	0.0007	0.0017	-0.0011	-0.0011	-0.0011	0.0046	0.0031	0.0000	0.0145
95	0.0009	0.0007	0.0012	0.0015	-0.0012	0.0011	0.0010	-0.0034	0.0005	0.0073	-0.0022	-0.0000	-0.0012	-0.0012	-0.0012	-0.0012	-0.0005	-0.0022	-0.0000	0.0000	0.0143
102	0.0001	0.0063	0.0010	0.0018	-0.0011	-0.0011	0.0005	-0.0042	-0.0011	-0.0011	0.0026	-0.0011	-0.0004	0.0014	-0.0011	-0.0011	-0.0011	-0.0011	0.0005	0.0000	0.0142
101	-0.0011	-0.0011	-0.0011	0.0012	-0.0011	0.0063	-0.0001	-0.0011	-0.0011	-0.0011	0.0020	-0.0011	-0.0011	0.0008	-0.0011	-0.0011	-0.0011	-0.0011	0.0034	0.0000	0.0138
82	-0.0011	-0.0008	0.0006	0.0014	-0.0011	0.0003	-0.0011	-0.0011	-0.0011	-0.0011	0.0021	-0.0011	0.0057	-0.0011	-0.0011	-0.0011	-0.0011	-0.0011	0.0035	0.0000	0.0135
88	0.0006	0.0004	0.0010	0.0013	-0.0011	0.0008	0.0008	0.0039	-0.0004	-0.0011	-0.0011	-0.0011	0.0004	0.0012	-0.0011	-0.0011	-0.0011	-0.0044	0.0022	0.0000	0.0125
93	0.0004	-0.0011	-0.0011	0.0014	-0.0014	0.0007	-0.0011	-0.0011	-0.0004	-0.0011	0.0019	-0.0011	0.0000	0.0012	-0.0011	-0.0011	-0.0011	-0.0011	0.0028	0.0040	0.0124
150	-0.0005	0.0057	0.0004	0.0013	-0.0011	-0.0011	-0.0002	-0.0011	-0.0011	-0.0011	0.0021	-0.0011	-0.0011	0.0009	-0.0011	-0.0011	-0.0011	-0.0011	0.0019	0.0000	0.0122
92	-0.0001	-0.0006	-0.0011	0.0013	-0.0011	0.0003	-0.0011	-0.0011	-0.0011	-0.0011	0.0019	0.0045	-0.0006	0.0009	-0.0011	-0.0011	-0.0011	-0.0011	0.0030	0.0000	0.0119
124	0.0008	0.0005	0.0012	0.0015	-0.0011	-0.0011	0.0009	-0.0036	-0.0011	-0.0011	-0.0004	-0.0002	0.0006	0.0013	0.0047	-0.0011	-0.0011	-0.0011	0.0002	0.0000	0.0117
25	0.0007	0.0003	0.0013	0.0019	-0.0011	-0.0011	0.0010	-0.0011	-0.0011	-0.0011	-0.0011	-0.0011	0.0002	0.0013	0.0048	-0.0011	-0.0016	-0.0011	-0.0002	0.0000	0.0116
49	-0.0002	0.0059	0.0006	0.0014	-0.0011	-0.0011	0.0001	-0.0011	-0.0011	-0.0011	0.0022	-0.0011	-0.0007	0.0010	-0.0011	-0.0011	-0.0011	-0.0011	0.0002	0.0000	0.0115
76	-0.0013	-0.0003	0.0042	0.0022	-0.0007	-0.0013	0.0023	-0.0008	-0.0013	-0.0012	-0.0001	-0.0013	-0.0003	0.0020	-0.0005	-0.0009	-0.0005	-0.0013	0.0007	0.0000	0.0114
131	0.0004	0.0002	0.0007	0.0010	-0.0010	0.0006	-0.0012	0.0030	0.0001	0.0027	0.0007	-0.0012	-0.0012	0.0003	-0.0012	-0.0012	-0.0012	-0.0030	0.0016	0.0000	0.0113
179	0.0005	0.0001	0.0012	0.0018	-0.0011	-0.0011	0.0008	-0.0011	-0.0011	-0.0011	-0.0011	-0.0011	0.0001	0.0015	0.0045	-0.0011	-0.0011	-0.0011	0.0001	0.0000	0.0106
177	0.0053	-0.0002	-0.0011	-0.0001	-0.0005	-0.0011	-0.0002	-0.0006	-0.0002	-0.0014	-0.0000	-0.0003	0.0052	-0.0001	-0.0004	-0.0020	-0.0011	-0.0011	0.0000	0.0000	0.0105
99	0.0001	-0.0011	0.0005	0.0009	0.0035	0.0004	0.0003	-0.0011	-0.0004	-0.0011	0.0013	-0.0011	-0.0001	0.0007	-0.0011	-0.0011	-0.0011	-0.0011	0.0020	0.0000	0.0097
167	0.0002	-0.0011	0.0005	0.0009	0.0030	0.0004	0.0003	-0.0011	-0.0004	-0.0011	0.0013	-0.0011	-0.0001	0.0007	-0.0011	-0.0011	-0.0011	-0.0011	0.0019	0.0000	0.0093
70	0.0003	-0.0011	0.0006	0.0009	0.0015	0.0005	0.0004	-0.0011	-0.0001	-0.0011	0.0011	-0.0006	0.0001	0.0008	-0.0010	-0.0011	-0.0010	-0.0011	0.0016	0.0000	0.0079