# Omega fit to each site after fixing tree and all other parameters.
# Fits compared to null model of omega = 1.
# P-values NOT corrected for multiple testing, so consider Q-values too.
# Q-values computed separately for omega > and < 1 # Will fit different synonymous rate for each site.
#
site	omega	P	dLnL	Q
78	0.000	1.24e-13	27.469	2.5e-11
136	0.000	5.67e-13	25.979	5.7e-11
188	0.000	3.7e-12	24.138	2.48e-10
60	0.000	7.36e-12	23.464	2.96e-10
127	0.000	6.74e-12	23.551	2.96e-10
137	0.000	9.25e-12	23.241	3.1e-10
162	0.000	2.42e-11	22.297	6.96e-10
131	0.006	3e-11	22.089	7.54e-10
47	0.000	4.73e-11	21.643	1.06e-09
133	0.000	5.97e-11	21.416	1.2e-09
25	0.000	1.23e-10	20.706	2.25e-09
34	0.000	1.36e-10	20.611	2.28e-09
192	0.000	1.54e-10	20.488	2.38e-09
183	0.000	2.1e-10	20.184	3.02e-09
199	0.023	2.86e-10	19.885	3.83e-09
182	0.000	4.38e-10	19.468	5.5e-09
123	0.000	6.11e-10	19.144	7.22e-09
22	0.000	7.17e-10	18.987	8e-09
187	0.000	9.62e-10	18.701	1.02e-08
167	0.000	1.86e-09	18.058	1.87e-08
180	0.000	2.49e-09	17.774	2.38e-08
138	0.021	3.02e-09	17.584	2.76e-08
105	0.000	4.57e-09	17.183	3.99e-08
194	0.000	5.79e-09	16.952	4.77e-08
20	0.000	5.93e-09	16.929	4.77e-08
82	0.000	6.6e-09	16.825	4.91e-08
124	0.000	6.36e-09	16.861	4.91e-08
7	0.000	6.9e-09	16.782	4.95e-08
107	0.000	7.74e-09	16.670	5.36e-08
101	0.000	8.81e-09	16.543	5.91e-08
94	0.006	1.11e-08	16.318	6.98e-08
18	0.011	1.08e-08	16.348	6.98e-08
191	0.000	1.17e-08	16.269	7.12e-08
201	0.000	1.51e-08	16.021	8.92e-08
186	0.000	2.71e-08	15.452	1.56e-07
103	0.000	2.93e-08	15.378	1.63e-07
44	0.000	3.18e-08	15.298	1.73e-07
93	0.000	3.31e-08	15.259	1.75e-07
112	0.000	4.4e-08	14.981	2.27e-07
179	0.000	6.24e-08	14.643	3.14e-07
172	0.018	6.82e-08	14.557	3.34e-07
91	0.000	1.15e-07	14.050	5.51e-07
5	0.033	1.24e-07	13.980	5.79e-07
68	0.000	1.59e-07	13.739	7.26e-07
98	0.007	1.64e-07	13.710	7.31e-07
99	0.000	2.04e-07	13.500	8.89e-07
197	0.000	2.28e-07	13.392	9.73e-07
49	0.000	2.39e-07	13.345	1e-06
6	0.000	2.83e-07	13.180	1.16e-06
77	0.000	2.9e-07	13.157	1.17e-06
33	0.000	2.98e-07	13.131	1.17e-06
102	0.000	3.77e-07	12.904	1.46e-06
54	0.014	4.12e-07	12.818	1.56e-06
59	0.000	4.28e-07	12.783	1.59e-06
108	0.022	5.11e-07	12.612	1.87e-06
177	0.015	6.44e-07	12.387	2.31e-06
17	0.000	6.87e-07	12.325	2.42e-06
166	0.019	7.29e-07	12.268	2.53e-06
95	0.000	9.86e-07	11.978	3.36e-06
184	0.000	1.49e-06	11.582	4.98e-06
139	0.015	1.7e-06	11.455	5.59e-06
75	0.028	1.89e-06	11.350	6.14e-06
92	0.000	1.92e-06	11.335	6.14e-06
48	0.018	2.36e-06	11.137	7.42e-06
80	0.035	3.08e-06	10.884	9.51e-06
140	0.027	4.98e-06	10.422	1.52e-05
125	0.042	5.35e-06	10.354	1.6e-05
21	0.000	5.49e-06	10.329	1.62e-05
141	0.039	6.07e-06	10.233	1.77e-05
62	0.000	6.72e-06	10.135	1.93e-05
83	0.022	8.26e-06	9.938	2.34e-05
14	0.053	8.69e-06	9.890	2.43e-05
53	0.000	1.12e-05	9.651	3.07e-05
126	0.054	1.33e-05	9.486	3.55e-05
24	0.017	1.31e-05	9.496	3.55e-05
97	0.000	1.44e-05	9.407	3.81e-05
67	0.000	1.47e-05	9.389	3.83e-05
45	0.000	1.72e-05	9.239	4.43e-05
26	0.062	1.88e-05	9.153	4.79e-05
84	0.020	2.23e-05	8.992	5.6e-05
42	0.060	2.31e-05	8.956	5.74e-05
159	0.055	2.38e-05	8.930	5.83e-05
193	0.000	2.52e-05	8.876	6.08e-05
181	0.000	2.54e-05	8.867	6.08e-05
130	0.009	2.81e-05	8.771	6.65e-05
122	0.060	3.27e-05	8.627	7.59e-05
81	0.000	3.28e-05	8.623	7.59e-05
70	0.000	3.42e-05	8.584	7.82e-05
161	0.026	6.14e-05	8.029	0.000139
178	0.048	6.34e-05	8.000	0.000142
52	0.000	6.72e-05	7.945	0.000148
109	0.061	6.85e-05	7.926	0.00015
73	0.033	7.91e-05	7.789	0.000171
46	0.000	8.89e-05	7.680	0.00019
4	0.008	9.01e-05	7.667	0.000191
169	0.048	9.81e-05	7.586	0.000204
104	0.049	9.83e-05	7.584	0.000204
132	0.027	0.00011	7.475	0.000226
41	0.000	0.000115	7.437	0.000233
150	0.000	0.000123	7.375	0.000247
170	0.053	0.000151	7.180	0.0003
71	0.025	0.000182	7.002	0.000359
76	0.013	0.000223	6.813	0.000435
28	0.000	0.000251	6.703	0.000485
142	0.087	0.000296	6.547	0.000567
27	0.037	0.00032	6.474	0.000607
96	0.000	0.000395	6.279	0.000741
43	0.057	0.000427	6.206	0.000794
31	0.000	0.000432	6.195	0.000796
51	0.000	0.000467	6.122	0.000853
189	0.017	0.000534	5.996	0.000967
100	0.089	0.000559	5.954	0.001
57	0.000	0.000615	5.865	0.00109
174	0.089	0.00079	5.632	0.00139
50	0.000	0.000837	5.578	0.00146
175	0.044	0.000935	5.476	0.00162
85	0.000	0.000991	5.422	0.0017
40	0.000	0.00108	5.343	0.00184
173	0.067	0.00123	5.219	0.00209
8	0.000	0.00125	5.209	0.00209
121	0.026	0.00135	5.135	0.00224
90	0.000	0.00136	5.131	0.00224
3	0.000	0.00143	5.085	0.00233
56	0.000	0.00156	5.004	0.00253
61	0.000	0.00164	4.958	0.00263
198	0.000	0.00166	4.945	0.00265
37	0.086	0.00168	4.933	0.00266
146	0.020	0.00194	4.804	0.00304
176	0.000	0.00204	4.756	0.00318
110	0.145	0.00213	4.718	0.00329
165	0.000	0.00215	4.710	0.00329
65	0.000	0.00221	4.685	0.00336
86	0.000	0.00328	4.322	0.00496
11	0.040	0.00345	4.276	0.00518
114	0.150	0.00368	4.219	0.00547
149	0.052	0.00388	4.170	0.00573
1	0.000	0.00506	3.929	0.00742
36	0.104	0.00531	3.886	0.00773
66	0.000	0.00559	3.840	0.00808
74	0.099	0.00584	3.799	0.00839
120	0.110	0.00606	3.766	0.00865
89	0.000	0.00658	3.693	0.00931
160	0.181	0.00845	3.467	0.0119
144	0.075	0.0086	3.452	0.012
200	0.000	0.00878	3.434	0.0121
64	0.035	0.00879	3.432	0.0121
35	0.000	0.00945	3.368	0.0129
30	0.107	0.00958	3.355	0.013
164	0.182	0.01	3.315	0.0135
39	0.000	0.012	3.153	0.0161
87	0.058	0.0123	3.133	0.0163
15	0.149	0.0123	3.135	0.0163
156	0.106	0.0129	3.093	0.0169
9	0.166	0.0141	3.010	0.0185
143	0.043	0.0162	2.889	0.0211
63	0.127	0.0175	2.824	0.0225
195	0.000	0.019	2.750	0.0243
147	0.067	0.0191	2.746	0.0243
196	0.000	0.0197	2.719	0.0249
13	0.000	0.0201	2.702	0.0252
111	0.168	0.0206	2.681	0.0257
55	0.108	0.0242	2.542	0.03
38	0.144	0.0246	2.525	0.0304
79	0.000	0.025	2.514	0.0306
135	0.096	0.0333	2.266	0.0405
19	0.252	0.0346	2.232	0.0419
113	0.280	0.0353	2.217	0.0421
12	0.000	0.0352	2.217	0.0421
2	0.000	0.0354	2.212	0.0421
88	0.000	0.0398	2.113	0.0471
129	0.324	0.0505	1.912	0.0594
151	0.145	0.0512	1.902	0.0598
10	0.276	0.0558	1.829	0.0648
145	0.128	0.0596	1.774	0.0688
157	0.102	0.0642	1.713	0.0737
168	0.322	0.086	1.474	0.0982
72	0.216	0.108	1.290	0.123
128	0.262	0.131	1.137	0.148
29	0.298	0.147	1.054	0.165
58	0.109	0.155	1.010	0.173
116	0.243	0.157	1.002	0.174
163	0.324	0.215	0.768	0.238
134	0.167	0.23	0.719	0.253
69	0.323	0.244	0.679	0.266
158	0.277	0.342	0.452	0.371
117	0.332	0.432	0.309	0.467
171	0.582	0.446	0.290	0.48
148	0.556	0.661	0.096	0.706
152	0.586	0.72	0.064	0.766
154	0.637	0.743	0.054	0.786
106	0.000	0.94	0.003	0.979
23	0.000	0.94	0.003	0.979
118	0.000	0.938	0.003	0.979
190	100.000	0.39	0.369	1
115	100.000	0.152	1.024	1
119	100.000	0.346	0.444	1
32	97.511	0.402	0.352	1
16	3.193	0.325	0.484	1
155	100.000	0.317	0.500	1
153	1.001	0.999	0.000	1
185	92.029	0.672	0.089	1