# Omega fit to each site after fixing tree and all other parameters.
# Fits compared to null model of omega = 1.
# P-values NOT corrected for multiple testing, so consider Q-values too.
# Q-values computed separately for omega > and < 1 # Will fit different synonymous rate for each site.
#
site	omega	P	dLnL	Q
78	0.000	2.35e-13	26.842	4.73e-11
136	0.000	1.16e-12	25.280	1.16e-10
60	0.000	7.01e-12	23.512	4.52e-10
127	0.000	8.99e-12	23.269	4.52e-10
188	0.000	1.16e-11	23.022	4.65e-10
137	0.000	1.92e-11	22.524	6.44e-10
162	0.000	5.48e-11	21.499	1.57e-09
47	0.000	6.51e-11	21.330	1.64e-09
131	0.006	8.63e-11	21.054	1.93e-09
133	0.000	1.43e-10	20.562	2.61e-09
25	0.000	1.35e-10	20.618	2.61e-09
34	0.000	1.68e-10	20.405	2.81e-09
199	0.024	2.21e-10	20.138	3.41e-09
192	0.000	3.6e-10	19.659	5.17e-09
183	0.000	5.94e-10	19.170	7.97e-09
123	0.000	1.03e-09	18.633	1.29e-08
182	0.000	1.34e-09	18.380	1.58e-08
22	0.000	1.54e-09	18.242	1.72e-08
187	0.000	1.82e-09	18.080	1.92e-08
167	0.000	2.05e-09	17.964	2.06e-08
180	0.000	3.95e-09	17.324	3.78e-08
138	0.023	4.61e-09	17.174	4.21e-08
124	0.000	6.37e-09	16.859	5.57e-08
20	0.000	8.03e-09	16.634	6.53e-08
105	0.000	8.13e-09	16.622	6.53e-08
194	0.000	1.19e-08	16.250	9.22e-08
18	0.012	1.37e-08	16.115	1.02e-07
107	0.000	1.42e-08	16.079	1.02e-07
82	0.000	1.48e-08	16.041	1.02e-07
7	0.000	1.7e-08	15.907	1.07e-07
94	0.007	1.67e-08	15.922	1.07e-07
101	0.000	1.68e-08	15.916	1.07e-07
191	0.000	2.93e-08	15.378	1.78e-07
201	0.000	3.06e-08	15.334	1.81e-07
44	0.000	4.22e-08	15.022	2.42e-07
186	0.000	4.63e-08	14.933	2.53e-07
112	0.000	4.66e-08	14.927	2.53e-07
93	0.000	5.42e-08	14.779	2.87e-07
103	0.000	5.96e-08	14.688	3.07e-07
179	0.000	7.09e-08	14.519	3.56e-07
5	0.034	1.35e-07	13.896	6.62e-07
172	0.021	1.4e-07	13.863	6.69e-07
91	0.000	1.63e-07	13.717	7.6e-07
68	0.000	1.87e-07	13.580	8.56e-07
99	0.000	2.27e-07	13.394	1.01e-06
98	0.008	2.64e-07	13.250	1.15e-06
49	0.000	3.97e-07	12.855	1.7e-06
197	0.000	4.59e-07	12.714	1.83e-06
59	0.000	4.57e-07	12.720	1.83e-06
6	0.000	4.47e-07	12.740	1.83e-06
33	0.000	4.65e-07	12.702	1.83e-06
54	0.016	5.38e-07	12.561	2.08e-06
102	0.000	6.13e-07	12.436	2.32e-06
77	0.000	7.64e-07	12.223	2.8e-06
108	0.025	7.65e-07	12.222	2.8e-06
17	0.000	8.24e-07	12.150	2.96e-06
166	0.021	9.06e-07	12.059	3.2e-06
177	0.016	9.88e-07	11.976	3.42e-06
95	0.000	1.82e-06	11.387	6.21e-06
184	0.000	2.12e-06	11.243	7.09e-06
139	0.017	2.37e-06	11.136	7.8e-06
75	0.031	2.75e-06	10.992	8.92e-06
92	0.000	3.29e-06	10.819	1.05e-05
48	0.020	3.88e-06	10.662	1.22e-05
62	0.000	6.33e-06	10.192	1.96e-05
21	0.000	6.78e-06	10.127	2.07e-05
80	0.041	7.32e-06	10.053	2.16e-05
125	0.046	7.24e-06	10.064	2.16e-05
141	0.042	7.76e-06	9.998	2.26e-05
140	0.030	8.63e-06	9.896	2.48e-05
83	0.023	9.22e-06	9.833	2.61e-05
14	0.059	1.44e-05	9.408	4.02e-05
24	0.019	1.53e-05	9.352	4.2e-05
67	0.000	1.76e-05	9.216	4.78e-05
53	0.000	1.81e-05	9.188	4.86e-05
126	0.060	1.84e-05	9.173	4.87e-05
97	0.000	2.1e-05	9.047	5.49e-05
26	0.067	2.37e-05	8.932	6.12e-05
42	0.065	2.55e-05	8.865	6.48e-05
181	0.000	3.37e-05	8.600	8.46e-05
84	0.023	3.5e-05	8.564	8.6e-05
159	0.059	3.51e-05	8.560	8.6e-05
122	0.061	3.58e-05	8.541	8.67e-05
45	0.000	3.94e-05	8.451	9.42e-05
70	0.000	4.88e-05	8.248	0.000115
130	0.011	5.09e-05	8.208	0.000119
193	0.000	5.77e-05	8.088	0.000133
81	0.000	6.15e-05	8.029	0.00014
178	0.053	8.35e-05	7.738	0.000189
109	0.067	8.49e-05	7.723	0.00019
52	0.000	0.0001	7.564	0.000222
132	0.029	0.000104	7.534	0.000226
73	0.037	0.000109	7.488	0.000235
161	0.030	0.00011	7.476	0.000236
46	0.000	0.000112	7.463	0.000237
169	0.055	0.000114	7.446	0.000238
150	0.000	0.000144	7.223	0.000299
41	0.000	0.000183	6.999	0.000375
104	0.061	0.000194	6.943	0.00039
4	0.010	0.000194	6.944	0.00039
170	0.055	0.000207	6.881	0.000413
71	0.028	0.000262	6.662	0.000516
28	0.000	0.000311	6.501	0.000607
76	0.014	0.000324	6.464	0.000626
27	0.039	0.000337	6.426	0.000645
96	0.000	0.000427	6.204	0.000806
142	0.096	0.000429	6.201	0.000806
100	0.098	0.000575	5.928	0.00107
57	0.000	0.000611	5.871	0.00113
31	0.000	0.000629	5.844	0.00114
189	0.019	0.000631	5.841	0.00114
43	0.062	0.000649	5.814	0.00117
51	0.000	0.000677	5.776	0.0012
174	0.099	0.001	5.414	0.00176
50	0.000	0.00102	5.393	0.00179
40	0.000	0.00108	5.340	0.00188
85	0.000	0.00112	5.312	0.00192
90	0.000	0.00131	5.166	0.00223
175	0.048	0.00132	5.157	0.00223
8	0.000	0.00145	5.068	0.00244
37	0.088	0.0016	4.978	0.00263
121	0.029	0.00161	4.975	0.00263
3	0.000	0.00159	4.988	0.00263
61	0.000	0.00185	4.847	0.003
198	0.000	0.00192	4.810	0.00309
146	0.022	0.0021	4.732	0.00333
110	0.146	0.00211	4.727	0.00333
173	0.072	0.00222	4.681	0.00348
56	0.000	0.00227	4.660	0.00353
176	0.000	0.00231	4.642	0.00357
165	0.000	0.00256	4.549	0.00393
65	0.000	0.00305	4.387	0.00465
86	0.000	0.00352	4.258	0.00532
149	0.055	0.0037	4.212	0.00556
114	0.160	0.00503	3.934	0.00749
120	0.108	0.00534	3.880	0.00789
1	0.000	0.0054	3.870	0.00792
11	0.048	0.00545	3.862	0.00794
66	0.000	0.00556	3.844	0.00804
36	0.112	0.00586	3.797	0.00841
89	0.000	0.00699	3.638	0.00996
74	0.111	0.00778	3.542	0.011
164	0.187	0.00823	3.492	0.0115
160	0.181	0.00827	3.487	0.0115
35	0.000	0.00926	3.386	0.0128
200	0.000	0.00965	3.349	0.0133
144	0.082	0.00993	3.324	0.0136
64	0.041	0.0109	3.240	0.0148
30	0.114	0.0122	3.143	0.0164
156	0.124	0.0147	2.978	0.0197
39	0.000	0.0155	2.931	0.0206
111	0.169	0.0161	2.895	0.0213
143	0.047	0.0166	2.867	0.0219
9	0.179	0.0172	2.837	0.0225
87	0.070	0.018	2.800	0.0233
147	0.069	0.0183	2.782	0.0236
195	0.000	0.0196	2.724	0.0251
196	0.000	0.0205	2.684	0.0261
63	0.141	0.0223	2.610	0.0282
15	0.155	0.0226	2.601	0.0284
19	0.240	0.0234	2.570	0.0292
79	0.000	0.025	2.511	0.0311
38	0.152	0.0253	2.503	0.0311
55	0.118	0.0263	2.467	0.0323
13	0.000	0.027	2.446	0.0329
113	0.271	0.031	2.327	0.0375
12	0.000	0.0345	2.234	0.0416
135	0.105	0.0371	2.174	0.0443
2	0.000	0.039	2.130	0.0464
88	0.000	0.0399	2.111	0.0472
129	0.322	0.0463	1.985	0.0545
10	0.280	0.0529	1.874	0.0614
151	0.151	0.0527	1.877	0.0614
145	0.130	0.0587	1.787	0.0678
157	0.125	0.0735	1.601	0.0844
168	0.330	0.1	1.353	0.114
72	0.227	0.116	1.237	0.131
116	0.235	0.143	1.075	0.161
58	0.108	0.151	1.033	0.169
29	0.308	0.159	0.990	0.178
128	0.316	0.161	0.983	0.179
163	0.335	0.232	0.715	0.256
134	0.179	0.236	0.702	0.259
69	0.334	0.25	0.662	0.273
158	0.281	0.341	0.453	0.371
117	0.324	0.42	0.325	0.454
171	0.583	0.435	0.305	0.467
152	0.579	0.693	0.078	0.741
148	0.602	0.711	0.069	0.756
154	0.653	0.756	0.048	0.8
118	0.000	0.939	0.003	0.984
23	0.000	0.944	0.002	0.984
106	0.000	0.944	0.002	0.984
153	1.000	0.999	0.000	1
115	95.753	0.153	1.021	1
32	96.059	0.402	0.350	1
16	2.885	0.433	0.307	1
185	96.825	0.675	0.088	1
119	95.895	0.353	0.432	1
155	100.000	0.341	0.454	1
190	94.587	0.389	0.371	1